4 0
13 1
28 2
1 3
12 4
22 5
13 6
13 7
18 8
5 9
13 10
21 11
23 12
13 13
13 14
13 15
7 16
17 17
21 18
9 19
1 20
9 21
1 22
4 23
17 24
17 25
19 26
16 27
15 28
15 29
13 30
29 31
12 32
22 33
14 34
17 35
28 36
29 37
9 38
21 39
16 40
31 41
25 42
18 43
0 44
5 45
5 46
5 47
11 48
15 49
31 50
1 51
23 52
27 53
28 54
22 55
4 56
27 57
25 58
10 59
12 60
16 61
29 62
17 63
21 64
19 65
2 66
15 67
9 68
8 69
15 70
2 71
15 72
28 73
19 74
4 75
30 76
21 77
12 78
17 79
17 80
8 81
17 82
14 83
16 84
26 85
9 86
21 87
4 88
19 89
14 90
14 91
27 92
7 93
23 94
18 95
12 96
31 97
20 98
19 99
18 100
21 101
15 102
10 103
26 104
21 105
26 106
8 107
13 108
18 109
25 110
18 111
22 112
26 113
26 114
26 115
21 116
5 117
5 118
5 119
13 120
5 121
13 122
5 123
13 124
11 125
5 126
5 127
5 128
5 129
26 130
8 131
26 132
5 133
5 134
5 135
31 136
5 137
19 138
13 139
13 140
5 141
5 142
13 143
11 144
19 145
14 146
5 147
5 148
5 149
5 150
8 151
9 152
18 153
3 154
4 155
8 156
18 157
28 158
19 159
15 160
5 161
22 162
5 163
5 164
25 165
28 166
21 167
27 168
18 169
10 170
21 171
2 172
6 173
26 174
19 175
11 176
25 177
20 178
29 179
9 180
19 181
14 182
21 183
31 184
0 185
21 186
16 187
31 188
0 189
11 190
4 191
9 192
0 193
30 194
26 195
27 196
16 197
4 198
27 199
15 200
15 201
22 202
1 203
10 204
29 205
17 206
25 207
0 208
14 209
14 210
10 211
14 212
12 213
11 214
26 215
10 216
19 217
21 218
14 219
4 220
4 221
4 222
20 223
20 224
20 225
19 226
20 227
19 228
1 229
20 230
27 231
23 232
25 233
11 234
12 235
0 236
15 237
15 238
14 239
14 240
10 241
11 242
29 243
17 244
23 245
13 246
4 247
2 248
2 249
18 250
25 251
31 252
14 253
12 254
12 255
0 256
25 257
27 258
29 259
24 260
2 261
16 262
7 263
10 264
1 265
24 266
4 267
5 268
25 269
24 270
16 271
24 272
28 273
24 274
24 275
24 276
24 277
24 278
24 279
19 280
21 281
31 282
29 283
15 284
26 285
3 286
28 287
0 288
5 289
13 290
5 291
13 292
5 293
23 294
11 295
11 296
14 297
30 298
5 299
29 300
21 301
7 302
17 303
3 304
1 305
31 306
1 307
31 308
19 309
21 310
18 311
27 312
13 313
9 314
25 315
7 316
17 317
27 318
21 319
4 320
5 321
2 322
24 323
15 324
13 325
11 326
12 327
0 328
15 329
15 330
21 331
21 332
13 333
20 334
18 335
17 336
27 337
31 338
29 339
23 340
18 341
19 342
17 343
23 344
14 345
31 346
3 347
25 348
21 349
24 350
18 351
2 352
15 353
30 354
31 355
28 356
0 357
15 358
15 359
0 360
0 361
0 362
10 363
15 364
15 365
13 366
28 367
4 368
27 369
14 370
4 371
17 372
28 373
1 374
31 375
0 376
7 377
31 378
0 379
1 380
23 381
27 382
31 383
21 384
17 385
2 386
17 387
23 388
1 389
31 390
10 391
0 392
8 393
17 394
15 395
17 396
29 397
17 398
17 399
13 400
5 401
9 402
18 403
5 404
5 405
23 406
4 407
17 408
24 409
10 410
16 411
24 412
16 413
16 414
16 415
17 416
4 417
18 418
30 419
25 420
29 421
17 422
4 423
18 424
21 425
9 426
21 427
4 428
4 429
17 430
29 431
5 432
4 433
17 434
29 435
2 436
2 437
23 438
10 439
13 440
20 441
26 442
26 443
26 444
17 445
29 446
14 447
26 448
2 449
12 450
4 451
20 452
27 453
10 454
28 455
13 456
26 457
14 458
4 459
11 460
12 461
24 462
11 463
21 464
17 465
21 466
29 467
2 468
29 469
3 470
5 471
20 472
19 473
31 474
21 475
2 476
15 477
17 478
4 479
2 480
31 481
20 482
1 483
21 484
1 485
1 486
29 487
31 488
0 489
31 490
9 491
1 492
15 493
23 494
14 495
10 496
30 497
10 498
4 499
0 500
25 501
21 502
0 503
9 504
29 505
10 506
24 507
0 508
21 509
1 510
22 511
4 512
8 513
12 514
4 515
12 516
10 517
5 518
31 519
15 520
14 521
2 522
5 523
9 524
20 525
17 526
4 527
2 528
20 529
29 530
21 531
29 532
4 533
8 534
27 535
25 536
7 537
9 538
10 539
31 540
1 541
30 542
6 543
29 544
12 545
15 546
28 547
28 548
14 549
14 550
25 551
0 552
31 553
10 554
1 555
22 556
4 557
21 558
13 559
9 560
14 561
9 562
31 563
30 564
27 565
14 566
17 567
20 568
28 569
22 570
10 571
4 572
4 573
18 574
25 575
31 576
6 577
13 578
19 579
19 580
20 581
13 582
4 583
13 584
4 585
19 586
22 587
18 588
12 589
15 590
25 591
15 592
4 593
27 594
15 595
17 596
29 597
9 598
0 599
16 600
15 601
8 602
18 603
25 604
1 605
24 606
9 607
14 608
3 609
17 610
27 611
28 612
1 613
31 614
29 615
2 616
17 617
29 618
5 619
24 620
16 621
28 622
21 623
18 624
21 625
6 626
19 627
2 628
13 629
21 630
21 631
19 632
4 633
17 634
22 635
21 636
5 637
19 638
2 639
15 640
21 641
29 642
29 643
17 644
20 645
27 646
21 647
19 648
14 649
23 650
4 651
18 652
25 653
23 654
9 655
31 656
10 657
26 658
9 659
4 660
4 661
4 662
4 663
27 664
12 665
10 666
31 667
19 668
14 669
3 670
23 671
10 672
4 673
26 674
1 675
25 676
23 677
15 678
21 679
17 680
15 681
10 682
13 683
29 684
6 685
5 686
12 687
9 688
29 689
30 690
28 691
18 692
12 693
15 694
4 695
10 696
1 697
29 698
19 699
23 700
4 701
12 702
9 703
17 704
17 705
4 706
0 707
24 708
0 709
20 710
16 711
21 712
14 713
18 714
5 715
19 716
26 717
24 718
18 719
19 720
31 721
14 722
4 723
12 724
24 725
8 726
31 727
9 728
12 729
15 730
12 731
17 732
26 733
26 734
4 735
3 736
2 737
31 738
1 739
27 740
21 741
3 742
0 743
9 744
19 745
19 746
14 747
16 748
24 749
14 750
19 751
28 752
9 753
24 754
16 755
16 756
9 757
30 758
10 759
12 760
9 761
11 762
15 763
29 764
1 765
13 766
17 767
28 768
20 769
25 770
29 771
9 772
21 773
16 774
16 775
6 776
17 777
0 778
30 779
8 780
18 781
15 782
1 783
17 784
0 785
12 786
11 787
1 788
25 789
16 790
10 791
22 792
25 793
23 794
27 795
14 796
4 797
21 798
18 799
18 800
18 801
11 802
26 803
19 804
29 805
26 806
4 807
16 808
10 809
9 810
12 811
1 812
1 813
6 814
15 815
29 816
1 817
28 818
22 819
31 820
10 821
29 822
26 823
16 824
5 825
5 826
5 827
26 828
24 829
4 830
18 831
8 832
16 833
15 834
26 835
26 836
16 837
23 838
31 839
0 840
31 841
10 842
4 843
24 844
6 845
21 846
25 847
1 848
3 849
21 850
5 851
2 852
5 853
5 854
12 855
23 856
5 857
23 858
25 859
13 860
29 861
2 862
1 863
26 864
17 865
22 866
29 867
29 868
15 869
1 870
24 871
24 872
24 873
24 874
4 875
11 876
31 877
25 878
1 879
15 880
21 881
31 882
1 883
18 884
2 885
23 886
15 887
7 888
31 889
18 890
14 891
31 892
27 893
22 894
2 895
18 896
4 897
18 898
19 899
4 900
13 901
4 902
1 903
1 904
26 905
16 906
22 907
21 908
12 909
29 910
6 911
18 912
21 913
29 914
1 915
31 916
27 917
17 918
17 919
1 920
13 921
25 922
29 923
20 924
22 925
31 926
1 927
31 928
1 929
7 930
31 931
3 932
10 933
10 934
1 935
3 936
23 937
2 938
1 939
7 940
23 941
1 942
12 943
20 944
1 945
26 946
1 947
31 948
31 949
20 950
1 951
19 952
18 953
0 954
16 955
5 956
7 957
16 958
16 959
20 960
16 961
6 962
28 963
18 964
18 965
19 966
11 967
17 968
16 969
20 970
20 971
19 972
21 973
5 974
19 975
14 976
18 977
1 978
19 979
6 980
12 981
4 982
12 983
19 984
5 985
2 986
27 987
18 988
6 989
19 990
23 991
20 992
16 993
11 994
16 995
19 996
21 997
25 998
27 999
