-0.0070938,-0.19425,0.44099,0.42955,-0.90616,797.83
-0.26777,-0.19108,0.492,0.17475,-0.04616,318.98
-0.13855,0.2392,0.26779,-1.2666,-0.59951,983.82
0.36332,0.27195,-1.4627,-0.80664,0.71973,456.35
-0.16781,-0.099732,0.84974,-0.2467,-0.71673,790.53
0.083904,0.95795,0.031864,-4.3877,-0.59289,400.81
-0.31528,-0.53278,0.94332,1.9235,-0.14338,799.96
0.0076276,0.14172,0.66974,0.076036,-0.38271,318.14
-0.39139,-5.215,1.8146,17.704,-11.928,941.37
-0.88064,1.0406,1.4305,-2.5701,2.0986,424.32
-0.47518,-1.3336,-0.91761,8.6574,2.0884,946.84
-0.069781,-0.30719,1.9406,-1.8003,-0.67375,408.25
-0.4846,-0.60747,1.6078,1.753,-1.0856,1005.2
-0.70559,-0.42687,2.1814,1.473,-0.78707,380.22
-0.57444,-0.57342,1.9071,0.66034,-2.0435,977.72
1.8056,-0.91726,-6.6085,0.33942,2.7458,435.47
-0.81541,-0.84468,4.5245,6.7849,-6.6933,970.31
-0.42401,0.47743,2.0306,-1.7969,-3.8082,409.73
-1.0564,-3.2401,4.1234,12.078,-2.0857,818.5
1.2481,0.0081532,-5.4417,-0.87973,4.2827,499.29
-1.1416,1.5547,3.0285,-2.8172,2.2543,957.7
2.381,1.2119,-6.9958,-4.6201,3.1941,421.21
-1.9485,-1.6263,9.2853,3.6899,-19.434,948.6
3.9172,2.1389,-17.408,-5.5511,20.994,383.71
-1.9812,-0.26843,9.5048,-3.0753,-13.891,941.8
1.3415,2.7511,-2.9603,-3.3631,3.5112,375.47
-2.0222,-0.93038,-2.7867,11.664,12.758,938.64
-5.61,-4.1622,11.26,8.0582,-0.30433,371.23
-2.0251,2.6941,5.7128,-4.1714,-2.1865,915.58
-0.74751,-1.1443,1.8234,8.4788,8.29,437.32
-2.0559,-2.1026,9.0057,11.388,-2.2707,932.62
-0.081393,-0.92182,-2.2408,2.3668,6.365,432.69
-2.0881,0.39342,7.7029,-1.5265,-4.069,966.5
-0.97159,-1.5551,2.2159,2.5277,-1.7898,430.37
-2.2689,-0.038226,4.5056,7.6015,4.9489,1068.8
1.5529,-0.65291,-4.2457,1.0323,0.64924,286.67
-3.0739,1.922,9.2409,1.642,-4.3198,943.25
-1.2329,0.37652,-0.38622,0.14674,2.7742,465.91
-3.2616,0.39174,12.599,8.2906,-4.4063,956.38
0.45663,0.75899,-3.0875,-5.5168,2.5003,414.27
-3.77,-1.3234,13.664,2.1313,-8.9465,1089.8
-1.4094,-0.37361,6.0666,0.18407,-5.2375,289.61
-3.7945,1.375,8.932,1.4647,-3.8421,951.28
1.4792,-1.516,-3.415,2.9327,1.3883,480.11
-4.8012,-1.1581,18.444,3.2182,-14.176,1085.8
-2.5475,-0.6651,12.565,5.8435,-14.741,277.25
0.032616,3.8072,0.49571,-9.1046,-3.8627,963.92
0.84802,-0.048967,-2.4114,-1.2099,1.255,460.86
0.036728,-0.8831,-0.44674,3.9116,0.27811,941.89
-0.012021,0.28156,1.3052,-0.35003,-2.4401,455.83
0.090834,-0.015964,-0.33997,0.070167,0.25705,721.9
-0.0048795,0.05967,-0.24498,0.029983,0.37245,506.13
0.44677,0.42392,-5.7012,-2.5347,13.274,807.44
-3.3208,2.5309,19.483,-5.691,-24.617,322.26
0.52186,-3.3787,-0.34934,16.028,9.1034,1062.7
-0.1957,-2.3015,0.033964,6.3275,2.6062,373.52
0.69284,1.2795,-4.4939,-3.8802,1.3871,755.42
1.2636,-0.57477,-2.7896,1.4211,-0.19417,558.92
0.74278,-0.75924,-2.124,3.868,2.7425,910.3
-0.14678,0.28381,0.82501,-1.0197,-0.41541,275.23
0.82538,-0.33125,-4.0003,2.6413,5.1634,493.93
0.23108,-0.85437,-1.1533,2.6034,1.756,556.48
0.92893,0.893,-3.2897,-2.3049,4.5815,950.69
-1.4525,-0.51451,6.2544,5.9546,1.0277,379.29
1.6452,-0.42623,-3.3137,3.9345,-3.5933,1075.8
0.97546,-0.38506,-3.5843,0.69334,1.4685,286.19
10.111,-0.073451,-24.462,-5.808,20.068,888.13
4.4684,2.8034,-8.749,-10.54,0.50488,369.25
2.0183,1.784,-6.3843,-2.7036,3.1267,972.09
0.70092,0.086737,-2.7337,-0.29271,3.0271,417.75
2.1577,-0.53867,-9.8955,3.6306,13.385,950.36
0.97488,0.30252,-12.134,-3.1266,28.486,412.96
2.4891,-1.1222,-9.4805,4.928,3.4563,960.83
0.74395,-1.0241,-3.3899,0.8056,2.6407,418.54
2.6125,-0.32252,-11.041,2.174,15.462,963.23
0.62594,-0.27907,-1.0482,-0.19585,-3.3945,395.21
2.8095,-1.0892,-9.3094,-0.73704,11.476,1077.4
2.1993,0.59839,-6.6782,-2.39,4.0675,364.73
3.1933,2.7488,-7.9106,-4.544,5.8759,804.23
0.086557,0.29308,0.47513,-0.60755,-2.1818,333.18
4.3787,2.432,-12.615,-7.6017,2.6319,966.39
-4.6524,-2.0889,15.055,5.8446,-3.6479,458.14
5.1779,-0.83066,-16.852,-1.0673,18.681,961.7
-6.1352,1.9185,22.089,-5.0315,-23.106,475.5
5.2093,6.0641,-18.398,-12.872,2.4065,940.24
-1.5435,4.5833,6.8246,-16.288,-7.3105,413.07
-0.28763,-2.9933,5.6097,4.0383,3.8724,865.74
-2.2695,1.7041,3.0987,0.27899,10.423,377.68
-0.96659,3.515,-1.5879,1.4473,8.7395,945.27
-5.6002,0.14943,17.167,-1.4634,-8.5089,434.89
-10.975,-1.3286,37.974,32.176,-23.172,990.05
-2.6109,-0.11108,8.7178,6.7618,-8.7266,190.73
-11.013,7.0854,25.607,4.7931,-6.0972,896.28
-2.2568,-1.8018,3.3537,8.9272,18.235,378.01
-11.233,1.0236,32.806,-17.776,-6.2754,906.39
-12.786,-9.2295,34.23,11.684,-14.722,275.35
-2.7409,1.4172,0.38032,2.2748,0.2537,930.63
-0.066106,5.0522,3.0341,-21.449,11.406,408.91
-3.2634,3.4289,17.465,-10.944,-21.606,956.95
0.80599,-3.4066,-2.8396,8.3557,21.34,383.49
-30.458,-14.683,106.62,46.419,-96.642,834.82
-0.78437,2.5707,8.9343,-0.75687,6.7562,388.74
-4.9771,-3.8508,14.965,-3.082,-0.051768,1001.9
-0.51513,4.4668,2.7701,-9.3649,-23.817,440.31
-5.0151,-11.663,9.1932,41.203,29.168,851.7
6.1109,4.6835,-20.201,-24.09,-7.5138,417.29
-5.1178,-4.2258,25.582,7.558,-25.187,814
-11.315,1.8895,35.625,-2.4757,5.6601,343.16
-5.1317,14.173,18.094,-19.704,-4.1918,950.35
0.47426,0.36805,-0.98954,-0.67937,1.2875,361.25
-5.8525,-0.74038,16.203,11.837,19.38,865.51
-2.8941,0.10577,10.521,1.516,-0.29475,398.1
-7.0491,1.5317,13.744,-6.1251,-8.6956,875.13
3.9255,2.6546,-12.125,-16.332,0.30127,420.94
-8.5352,-13.689,29.844,42.461,-27.88,991.39
9.378,1.8896,-29.207,-22.93,-16.688,425.13
-8.8884,-8.487,23.818,24.183,-13.831,855.08
-8.2448,-4.0036,27.734,16.884,-14.48,243.05
0.11823,1.376,-2.7258,-9.58,27.48,862.44
0.5658,-0.16756,-1.3518,-0.51926,3.6223,283.89
1.1913,5.1567,1.7465,-14.312,-16.085,1089.4
0.96783,3.307,-1.0209,-5.6697,-6.2595,288.19
1.2863,-1.2692,-6.0698,3.4231,35.586,1004.2
-2.1362e-15,-1.2692,2.126,2.1538,2.4391,202.73
13.614,13.702,-19.457,-37.817,-4.641,844.13
3.8945,6.7955,-6.0834,-21.261,-5.6065,399.14
13.705,11.382,-40.227,-54.334,46.996,973.99
-0.97731,-5.9273,-3.6176,9.6061,11.993,401.63
14.852,3.2302,-48.963,-24.103,50.467,878.22
-7.7399,0.20276,30.837,2.8023,-58.282,420.71
2.1655,-3.17,-9.1861,0.63234,11.053,993.09
-0.20104,0.79403,1.414,-1.88,-13.68,349.2
2.5115,-6.9411,3.9471,10.835,1.0211,878.83
-1.0111,-1.9954,7.0492,9.4278,1.6392,434.79
2.7578,6.6309,-16.539,-31.135,19.753,823.32
2.6147,2.4841,-11.593,-10.372,-0.62718,289.43
2.7862,-12.733,-26.48,51.532,38.051,821.69
-2.7753,2.017,10.727,4.2937,-12.295,386.11
20.194,-16.782,-53.996,23.628,33.687,959.66
-7.7175,7.1218,18.986,-6.0705,-28.972,355.95
3.3906,2.9998,-9.7559,-10.174,-2.8815,864.9
4.6721,1.4304,-19.121,-12.452,5.7919,287.7
3.8168,-6.6395,-4.7709,21.444,-6.2545,919.66
1.4378,5.3573,-8.6714,-21.134,0.79387,391.87
3.9904,0.19372,-27.796,-12.591,36.532,854.12
-1.1873,-1.7055,3.2714,10.402,6.869,380.14
4.1038,-1.2543,-21.146,7.8152,54.144,889.53
-2.039,2.1879,6.4492,-9.8578,-4.376,416.92
4.1803,0.77564,-14.614,-12.929,11.395,1003.2
-1.9937,-2.2564,5.6686,8.1282,-9.6602,402.38
4.309,12.022,-10.314,-27.042,19.99,992.62
4.309,15.619,-27.195,-50.83,79.508,380.14
5.9089,-0.17584,-27.187,16.879,27.811,919.03
3.9181,2.4828,-12.231,-5.6106,13.56,403.45
5.9954,-2.1641,-11.265,-3.7209,-5.1558,859.74
-1.2204,0.31792,10.015,2.0249,-42.728,385.26
8.0168,-6.24,-28.406,26.079,17.452,909.47
-7.3138,4.6745,20.096,-6.2096,-17.728,407.02
9.806,-12.643,-38.331,31.773,49.312,1019.3
-9.1292,10.619,19.083,-17.078,-22.621,382.08
-0.63997,-4.5826,6.9167,0.78734,-248.33,491.43
3.1129,1.4185,-21.292,0.4084,26.508,694.97
-0.8329,-11.492,11.173,25.596,-258.48,494.17
8.8345,9.7254,-33.625,-11.984,19.749,679
-0.90883,-2.7576,5.233,-0.49708,-234.27,460.21
-4.2205,2.6195,16.795,-3.1673,-5.421,697.58
-1.1059,13.08,6.5768,-26.632,-363.53,622.64
10.977,1.2092,-35.522,21.033,23.477,625.59
-1.4134,9.5932,-11.016,-26.621,303.56,423.6
-5.4382,-0.92022,25.941,23.042,-18.81,613.51
-1.5292,-11.464,10.733,8.0817,-340.64,648.59
-16.927,2.0236,46.331,10.878,-23.776,667.43
-1.5486,-5.6823,13.928,27.293,-378.21,581.42
0.52488,-2.5738,-2.7899,38.094,3.6621,597.07
-1.8055,-3.7039,22.991,19.64,-381.24,632.39
-3.0438,4.0905,10.016,16.715,-17.204,614.68
-1.8083,-2.4227,14.16,33.786,360.69,570.23
4.6757,-3.9385,-10.596,40.037,22.033,585.48
-10.073,10.539,19.479,-85.506,274.98,595.26
-2.4181,7.5772,6.941,-7.9169,7.5667,673.26
-10.539,21.489,56.647,-59.059,-419,665.79
11.566,5.4591,-45.572,5.701,29.054,618.64
-10.847,4.0397,22.347,1.6655,372.85,576.54
-5.6305,1.1595,33.593,22.416,-35.009,617.35
-11.544,6.6304,29.475,-10.795,371.93,578.5
-7.1469,-4.5119,21.877,36.666,-10.418,615.76
-12.237,14.912,30.115,-20.216,374.01,549.32
2.4498,-7.723,-8.5822,34.746,18.302,589.53
-12.28,1.7905,42.716,-20.866,-374.37,681.41
7.5729,-2.8714,-28.9,35.165,16.064,564.22
-12.695,-10.703,42.545,-4.5567,-372.53,721.67
-2.1333,0.26271,2.7617,26.491,-5.1175,624.6
-13.782,1.2978,40.627,-17.114,290.56,728.53
2.0873,-1.3645,-14.974,15.701,39.986,666.46
-13.884,-2.0384,32.445,21.054,-338.64,602.99
4.5081,5.3128,-6.782,7.42,-36.634,600.66
-16.435,-5.7897,29.249,19.261,310.2,555.47
-2.8298,-5.8422,6.2536,14.384,20.656,684.72
-2.1865,-16.993,8.5976,53.803,-359.86,621.18
5.5411,-7.6849,-19.624,50.066,17.646,608.9
-2.4425,3.283,23.978,-19.827,-309.44,467.36
6.1008,1.0184,-26.723,8.0333,23.376,683.09
-2.4502,-1.6238,35.527,16.821,-423.4,624.42
-3.2918,4.2641,4.5129,25.658,9.1046,620.75
-2.481,-18.593,37.593,105.26,264.98,494.97
2.1999,-0.34811,-17.274,27.112,43.968,634.79
-2.5086,-11.006,6.6391,18.523,-380.89,663.94
-15.291,-4.6321,44.444,16.979,-29.255,634.46
-2.5335,1.1172,1.0863,0.50144,-344.39,633.36
0.44021,-10.214,1.5143,45.29,-14.369,611.36
-2.5785,0.80588,17.233,-5.2434,-363.8,646.84
11.588,5.97,-47.081,5.7931,42.02,613.37
-2.5788,6.2659,11.056,-24.636,-278.67,615.12
-3.4098,4.2187,4.9989,2.2319,12.061,677.25
-2.7911,8.648,8.3183,-5.4491,-327.18,570.36
2.6034,5.2602,-10.512,5.2717,-2.8401,642.43
-2.8459,-3.9525,18.202,13.574,-239.39,472.41
12.237,4.8967,-46.013,-5.6727,37.628,703.09
-21.597,-11.244,70.898,82.626,315.11,518.91
-2.6844,-3.4914,32.693,38.577,-69.727,563.96
-3.172,-7.459,14.893,28.215,-268.71,497.99
-6.3521,7.4784,19.026,-15.787,-17.326,678.87
-3.2607,-2.9347,23.109,8.3653,-315.88,522.58
-7.4437,6.6963,21.634,2.4319,-23.805,633.24
-3.4069,2.1458,12.873,-10.641,357.62,624.83
-4.8321,-5.0918,18.873,19.629,-31.023,648.37
-3.4118,2.0695,13.001,-11.428,333.06,587.6
0.49531,-1.4196,-10.725,18.87,23.792,680.99
-3.4234,-6.4917,7.2257,28.402,316.78,535.69
-1.4712,6.1973,9.9441,-4.3894,-17.411,688.96
-3.6149,5.2143,13.94,-15.832,-338.84,638.36
-3.1262,-6.5263,12.406,37.801,-12.538,602.32
-3.8136,-14.862,-1.1925,60.298,-326.74,584.08
-4.9576,-3.8322,10.507,35.966,4.3225,558.46
-31.648,-44.92,227.44,170.8,-51.674,456.47
1.3508,-6.7442,-1.4546,50.775,-7.8016,576.6
-4.0658,-6.463,12.699,11.38,362.2,604.5
0.27233,4.2342,-5.0022,-0.74548,9.8953,647.3
-4.1156,-11.652,36.384,21.597,-403.17,658.11
-3.3853,4.2761,7.2029,13.442,-0.69518,602.72
-4.2446,5.641,16.301,-16.09,-259.3,505.06
-0.90038,17.628,4.5763,-36.846,-13.826,679.02
-4.2705,-3.7033,11.872,11.704,-340.02,622.17
4.6184,1.1293,-13.789,16.9,-7.0469,622.78
-4.7466,-10.268,179.75,-103.01,-80.402,912.98
-13.014,18.227,45.093,-53.381,-10.781,667.23
-4.7571,15.418,9.6025,-52.396,317.75,710.78
-9.3188,1.9196,28.289,-1.9407,-15.239,676.49
-4.7627,-8.9534,-5.2901,7.3335,409.82,647.95
1.8021,1.3721,-1.4303,27.147,-3.3779,601.12
-4.8924,5.0393,5.4609,-18.979,365.65,686.92
-3.4277,3.3004,12.362,9.322,-10.807,667.69
-4.9122,66.465,-100.99,-26.553,74.742,240.97
1.7415,19.593,-8.9865,-39.914,16.139,594.09
-5.0093,-6.7861,16.233,8.8205,297.65,722.14
18.312,-4.9546,-58.459,16.258,14.892,627.41
-5.0917,-3.516,-3.1298,-0.98248,269.56,434.87
5.9704,6.7919,-31.203,-2.2851,43.381,673.03
-5.4205,5.1869,23.014,-26.161,-323.62,604.17
-6.2569,2.0857,20.628,11.002,-4.1289,665.9
-5.5142,11.607,15.086,23.273,337.08,464.5
-0.63085,9.9986,15.025,-19.047,-23.668,622.88
-5.5754,6.7296,4.8683,-5.0191,330.31,547.24
-11.771,-7.1394,33.063,31.45,1.8927,662.44
-5.6103,7.3999,4.4994,-13.991,412.65,603.36
-10.361,-7.4894,39.409,40.114,-17.647,573.8
-5.8699,-26.713,-20.871,47.563,-184.06,700.87
-6.8229,-6.7105,24.813,42.77,-26.922,639.93
-5.9008,5.9724,25.876,-11.765,-382.7,607.29
-1.2258,-1.8563,5.6628,21.038,-11.875,640.32
-6.1338,-3.2004,0.60343,2.3631,375.15,559.8
-9.6609,2.5681,17.895,4.1791,19.135,682.23
-6.3258,14.863,27.785,-75.336,-369.45,719.95
5.0718,-10.176,-19.222,57.48,4.4177,587.73
-6.3458,-6.4201,32.375,15.717,278.05,650.1
-5.2517,-8.4056,23.241,39.702,-37.711,630.78
-6.9539,-1.3438,30.077,-0.42802,-292.16,520.54
-4.7495,11.553,15.059,-15.215,-14.893,681.18
-6.967,9.7856,10.827,-37.395,193.52,557.71
-3.8255,2.5193,10.318,-8.0052,0.76771,717.4
-7.0342,-4.4157,54.386,-21.792,-454.27,778.86
-3.2379,2.0933,12.085,19.289,-7.1099,606.94
-7.2372,8.8672,19.187,-8.7279,312.18,460.96
5.514,-8.5805,-14.333,49.931,19.16,606.42
-7.2791,6.3169,35.339,-6.7427,-345.53,595.67
4.7685,-4.0618,-8.6962,21.858,-27.853,651.46
-7.3008,-21.919,11.745,37.761,276.39,493.23
11.316,-0.55398,-41.763,5.902,39.882,677.17
-7.3305,-10.567,6.7384,59.98,392.52,532.88
8.8341,0.23974,-26.944,38.204,12.335,614.22
-7.5256,2.6762,20.388,20.628,357.09,508.76
2.4345,-1.4845,-19.479,23.078,46.85,648.39
-7.567,-5.3129,17.648,13.687,-192.01,505.52
-12.329,16.722,32.449,-41.772,-6.5627,713.24
-8.654,-7.3205,21.876,58.76,360.81,464.23
1.2294,-2.0221,5.4676,38.574,8.4043,574.64
-9.175,-3.4934,30.064,18.549,-317.83,506.73
4.2609,7.9061,-6.4786,-9.5648,-6.1111,673.5
0.12825,-0.69665,11.118,-11.092,-369.81,659.56
-8.9925,-6.5317,36.685,35.689,-18.705,633.87
0.14712,5.9215,-4.6866,-3.7574,385.7,598.92
1.203,0.71735,5.2411,27.861,-17.479,629.57
0.35364,-18.172,-37.767,31.839,435.18,621.74
3.8455,-3.8304,-17.277,48.974,14.878,588.79
0.35772,-2.6155,-7.3879,9.1077,377.58,615.04
-6.4202,-0.062596,19.472,2.7419,-11.43,664.35
0.81101,1.9785,2.0827,-6.2636,-372.1,677.07
3.5599,-11.429,-5.512,45.828,4.3362,592.73
1.243,7.7623,-6.432,-9.0258,-332.23,563.53
2.7288,-4.607,-3.6873,35.906,-15.614,609.93
1.2989,-1.5048,-8.3521,-10.458,311.2,684.47
-7.736,-5.5145,22.927,30.763,0.88673,658.1
1.9607,2.8525,-16.487,-13.764,360.98,678.92
-5.8868,-3.4942,8.153,18.765,0.59552,647.22
10.481,5.7076,-27.435,-29.898,-362.93,630.66
-7.6496,-1.0865,15.201,8.2035,1.2209,648.08
10.664,-4.5626,-44.671,11.823,-155.41,400.98
9.43,-8.9262,-32.241,39.365,26.326,635.18
11.93,-24.149,-23.079,104.03,-239.85,396.03
6.3229,4.7627,-15.741,-4.6862,-5.5902,688.14
12.091,-1.375,-39.959,-0.9391,-214.94,483.33
-16.014,-3.8782,57.326,13.391,-46.746,689.8
12.502,3.0004,-27.739,-0.22233,282.91,474.2
17.594,4.3555,-45.05,-4.0371,17.072,676.05
13.293,16.403,-31.035,-22.651,-328.56,542.08
5.5475,-0.65809,-26.791,14.881,13.731,636.53
13.418,-29.065,-37.252,74.164,184.79,386.36
4.4367,10.593,-27.258,-16.423,41.357,697.42
14.191,-4.4945,-44.161,12.772,-288.84,557.64
-10.638,-3.0969,30.945,19.528,-28.543,665.71
14.908,-13.992,-60.646,57.056,416.33,578.75
1.6624,6.4016,-9.2424,1.4905,16.587,652.86
15.163,11.361,-83.716,-42.121,470.92,608.99
7.2623,-3.1054,-11.382,36.183,-18.562,540
15.796,0.24159,-51.61,9.5967,-252.63,510.99
-3.5083,1.2274,4.5184,5.217,-13.417,662.71
16.778,-32.818,-85.795,112.86,-235.54,565.88
-16.349,-1.8991,48.109,27.973,-33.763,587.2
17.57,9.6075,-72.686,-26.704,-274.73,669.28
16.974,1.0192,-68.28,20.009,72.126,621.24
21.989,-40.129,-139.4,122.86,-16.437,388.31
1.7088,-3.9324,0.22803,28.319,-13.868,632.68
23.109,-6.4428,-102.32,39.408,472.31,511.3
-0.60292,4.9705,6.9065,5.1556,-25.15,633.85
3.0079,-4.5722,-4.9143,13.684,-231.63,418.78
9.1478,3.4815,-24.735,9.3931,2.9904,672.78
3.2361,-5.448,14.408,-35.947,-402.98,855.56
-0.87551,1.6279,12.546,-9.7606,10.037,655.34
3.4565,15.757,-33.781,-0.96795,378.1,495.85
-11.06,-8.6511,48.619,30.328,-19.328,637.29
3.8321,-14.801,-9.2401,55.857,-355.55,580.62
1.3136,6.0835,-4.8933,-1.2764,-28.326,607.71
4.0474,-11.123,11.144,3.7684,-404.52,693.63
-3.8896,0.5162,14.997,17.339,-9.4416,622.1
4.6983,15.49,-35.527,-29.592,418.56,584.86
-5.7946,-1.9547,31.771,15.958,-36.941,594.52
4.6987,8.1619,-26.872,-15.138,232.08,355.4
-4.4919,4.1241,16.324,-4.0431,-5.5567,692.94
4.7783,8.101,-9.9887,-10.126,-322.18,605.73
2.8119,-13.389,-15.072,43.745,7.772,631.43
5.3703,5.716,-24.654,-14.2,375.71,560.98
-4.1079,-1.8213,13.053,32.607,17.062,607.11
5.4312,7.2988,-21.032,-22.275,353.53,663.53
-5.0453,-2.7783,14.45,32.711,-4.0825,656.14
5.6539,29.146,-36.24,-294.22,90.436,640.84
-6.9777,-0.83515,22.089,-3.2792,-15.819,680
5.7895,-5.992,-20.852,21.466,381.74,591.42
2.0336,0.75235,-9.038,11.854,3.2828,606.99
6.089,-0.20481,-13.315,7.0547,-348.97,616.99
6.0214,6.2836,-19.764,4.0808,22.374,615.89
6.5014,-5.675,-11.116,18.157,-298.14,499.97
-12.819,-9.1965,44.975,37.805,-52.524,649.22
6.5042,9.6076,-18.502,-26.393,-314.93,594.13
17.315,-0.51618,-52.213,7.9124,13.457,682.69
6.5103,-2.958,-32.721,1.0852,319.28,518.26
7.7459,-4.1543,-27.301,10.05,30.682,703.7
6.6824,-7.8487,-15.743,-25.485,-267.04,633.41
7.1151,-0.94169,-25.117,22.719,-0.31737,635.36
6.7332,-1.9249,-27.599,6.2446,-328.28,609.24
-0.69423,-0.53692,3.1175,14.739,-10.917,670.35
7.0101,-18.897,-24.192,37.692,212.43,499.72
-5.0842e-14,1.009e-13,2.0294e-13,-1.8168e-13,-2.1962e-13,719
7.1112,13.357,-28.052,-32.569,273.74,472.67
2.7514,6.2723,-16.073,-12.411,22.204,715.56
7.3264,-1.5812,-32.502,-5.6003,321.23,776.76
3.9768,-2.4885,-10.614,10.887,-4.6284,588.09
7.5279,-12.755,-15.378,30.444,335.34,638.48
15.807,-11.518,-56.44,48.096,24.148,608.43
7.7493,1.7893,-20.453,-29.538,-335.76,693
7.1211,6.801,-32.204,-1.9326,17.481,651.04
7.759,-35.33,-7.8872,96.375,-372.86,616.47
2.0979,4.7722,-14.333,7.8645,23.004,582.78
8.1049,-4.9746,-19.749,2.44,-333.7,664.59
-0.86786,-0.097635,-8.8614,20.589,6.5745,640.54
8.2418,-8.021,-63.217,62.395,-215.55,556.92
6.7166,8.7449,-26.666,5.6341,29.326,534.63
8.8328,-2.2912,-18.64,13.695,324.92,529.05
-1.8025,-4.1951,8.7865,40.389,-3.1939,604.11
9.2065,-9.2851,-48.13,18.928,424.6,595.94
5.8419,3.7758,-18.402,1.4301,10.622,628.23
9.5439,-3.2935,-23.292,17.046,-350.22,599.21
-3.5178,-0.10533,16.984,21.961,-30.189,644.68
9.674,3.4372,-28.928,-25.703,-340.7,746.87
-2.2199,-7.6502,12.396,23.434,-6.2542,631.46
-0.33022,-5.6379,40.423,66.737,-26.582,846.04
-3.964,1.6105,6.7749,14.335,94.719,527.21
-0.44992,15.581,84.182,53.271,-138.27,746.96
-5.7149,14.435,41.866,-21.119,18.783,518.79
-0.54654,66.087,42.277,-4.5808,-174.85,628.98
-8.8626,4.8817,8.4858,-10.289,-25.788,515.21
-0.75064,-17.795,-58.638,126.89,72.504,816.95
8.7885,3.4601,-35.687,14.128,-42.936,455.69
-1.3533,16.913,99.361,70.405,-154.12,731.23
-4.1824,23.79,44.709,-45.634,9.2018,498.82
-1.8233,-17.637,-21.692,119.05,-45.67,824.47
9.6156,-6.1341,-33.273,41.625,-72.114,491.7
-1.8405,12.999,-15.613,42.14,19.102,906.77
5.4418,-0.17434,-22.031,31.002,-83.995,445.38
-10.464,65.609,138.17,-99.975,-234.83,865.4
13.24,17.76,-37.265,-1.5043,75.746,471.02
-10.523,64.708,147.01,-93.595,-249.14,875.51
21.126,1.4524,-58.991,35.405,89.707,411.22
-10.73,-34.723,-4.963,185.51,152.09,923.57
-3.6265,-4.8228,5.791,25.309,107.66,498.37
-10.789,-10.935,104.51,142.67,-115.3,719.43
-9.006,7.1674,51.482,-6.9639,1.3568,464.25
-11.19,3.206,141.89,124.2,-198.1,711.93
0.12751,10.445,9.4414,-17.45,72.542,486.66
-11.543,9.89,105.7,91.073,-133.69,731.92
-10.118,10.638,60.269,-12.904,4.4288,518.1
-11.642,-11.031,121.95,143.05,-198.77,795.86
-2.2616,19.722,21.724,-43.743,41.644,464.42
-11.655,-57.968,59.888,339.61,-6.0921,604.67
-9.9097,-14.443,41.61,46.912,31.529,544.37
-11.696,2.8301,119.24,70.619,-161.99,757.91
-0.54633,17.607,20.022,-37.361,33.906,490.34
-12.214,26.948,109.93,-27.942,-163.14,806.23
-2.7575,11.091,17.71,-20.253,58.38,548.62
-12.9,8.5751,90.361,74.8,-76.208,770.93
-6.8597,0.81964,46.918,18.491,7.4446,524.09
-13.456,-62.377,20.616,272.79,-71.027,798.12
7.7292,0.43205,-14.559,-13.189,-71.501,500.62
-13.525,66.9,-21.331,-156.1,116.31,955.2
-13.06,-1.4513,32.701,42.72,-71.573,441.76
-13.547,-16.929,85.394,174.21,-102.1,772.97
-0.56726,8.6987,19.832,-1.5072,49.418,462.85
-13.593,-14.808,89.775,88.003,-44.186,892.7
-5.1668,-1.3263,13.807,38.802,94.854,463.42
-13.72,-15.216,109.35,101.41,-124.3,756.52
-6.6635,6.6131,35.188,3.6633,40.609,510.65
-14.204,-26.041,95.028,205.93,-113.6,721.89
-0.45859,6.4986,18.672,2.4581,45.303,457.16
-14.593,3.5693,90.112,82.036,-172.14,803.17
-0.87407,6.9117,-1.9484,-6.7002,-63.279,555.75
-14.895,-30.125,49.83,202.59,-71.072,770.26
2.4689,-4.3769,-21.116,27.02,-35.009,444.78
-15.117,49.478,155.05,-106.74,-248.78,864.35
7.2696,17.035,-7.6115,-29.667,53.159,532.28
-15.218,-10.93,126.55,123.59,-127.5,756.87
-9.0602,7.7965,63.324,3.2454,-10.105,465.76
-15.299,-9.7805,134.97,160.44,-159.82,721.94
-6.9182,13.067,40.073,-17.651,31.96,470.5
-15.394,-21.162,106.57,184.09,-91.685,725.91
-2.8696,2.9286,29.705,11.746,37.552,459.4
-15.754,-41.256,119.14,247.83,-150.17,669.62
-12.728,11.909,46.138,-7.118,34.843,530.58
-15.824,-14.738,146.22,141.31,-195.16,741.66
-10.772,2.794,59.457,13.033,7.2675,461.13
-16.595,-24.438,133.57,203.62,-168.53,663.22
-7.9013,15.579,50.974,-17.035,17.516,457.22
-16.838,-27.829,118.87,210.75,-138.28,659.36
-6.1081,1.5758,41.527,14.528,24.026,509.01
-16.934,-11.991,125.73,147.19,-131.11,723.48
-7.5846,7.1108,44.076,7.0422,30.868,468.89
-18.233,-11.757,95.06,97.064,-135.95,739.42
-9.5984,1.4942,43.134,17.637,43.476,511.01
-19.715,32.163,160.48,7.294,-232.85,817.52
9.6101,19.393,-32.281,-31.495,91.37,543.97
-2.1711,-33.96,-16.563,201.13,10.673,760.86
6.8119,-2.6429,-28.971,20.951,-61.428,539.35
-2.4069,-6.8313,-22.018,108.38,37.861,863.37
2.5082,-5.5041,-10.744,34.765,-86.64,495.68
-2.4168,-57.717,-34.585,302.1,44.757,659.98
17.162,0.15509,-76.681,12.387,-2.5852,486.43
-21.604,8.8454,83.838,42.623,10.75,905.21
4.2645,5.0855,-10.124,24.871,102.82,447.12
-22.379,27.94,169.91,23.18,-255.56,773.18
1.2821,12.621,3.7462,2.9946,63.538,479.96
-22.525,2.6163,159.49,115.17,-210.32,715.23
-4.521,17.089,23.115,-21.588,45,500.26
-22.682,35.05,133.4,-28.554,-133.5,859.66
-7.642,20.908,33.813,-35.854,39.598,488.81
-22.814,-23.667,141.96,195.63,-150.49,745.44
-4.7022,9.8873,36.04,-7.0025,26.927,464.04
-22.858,6.9887,78.215,71.215,-77.497,886.74
-7.14,-0.89402,19.42,14.217,-82.181,510.7
-23.018,-21.018,140.85,189.91,-149.94,715.51
-8.7071,7.9369,51.774,3.7674,24.296,450.99
-23.214,-14.779,75.016,130.14,-71.841,853.92
-7.2986,6.7519,31.531,13.912,-112.38,471.64
-23.697,7.4687,99.683,111.32,-25.576,680.8
-1.3091,-8.1305,18.623,61.979,28.521,491.51
-23.895,-19.378,171.69,185.99,-240.77,740.86
0.20258,13.447,21.18,-10.868,38.213,440.98
-24.539,17.653,52.841,4.0824,87.131,1055.2
0.91332,-16.65,14.626,39.156,29.794,570.72
-24.921,15.723,174.22,54.68,-223.64,818.58
2.708,-3.8249,-13.43,37.953,71.361,426.67
-25.092,-20.379,128.37,176.39,-123.45,736.01
-6.8549,1.6203,38.524,15.909,34.663,452.56
-25.206,4.0207,124.89,59.321,-63.489,868.19
-1.0934,-2.1943,1.8052,20.829,76.929,459.4
-25.303,-10.104,150.88,111.6,-157.16,754.86
2.7408,19.307,-0.80124,-39.876,57.607,458.61
-26.047,7.4135,148.66,81.061,-147.9,759.52
-1.5908,20.791,20.971,-40.717,36.621,493.26
-26.385,-22.304,153.93,195.13,-150.5,702.28
-5.0158,6.5869,32.009,-6.132,34.769,462.91
-26.59,24.145,170.94,18.294,-177.51,811.79
-10.089,5.9212,50.13,-4.9598,9.0465,458.22
-27.248,1.6753,153.71,98.069,-126.42,775.5
-5.5789,20.706,30.895,-37.022,40.297,468.79
-28.276,59.342,177.43,-86.977,-208.98,866.13
2.5852,18.567,12.478,-21.786,43.12,471.42
-29.086,18.711,71.909,-21.036,-32.615,865.86
-4.1875,4.1987,10.996,7.2669,-69.616,479.11
-29.473,-4.8764,216.88,121.73,-284.9,723.99
-4.7298,21.594,40.653,-34.299,20.625,445.18
-29.519,2.5793,192.87,118.46,-237.18,716.23
6.9029,6.2569,-29.11,7.4913,107.3,529.43
-3.0612,-20.657,-9.5455,165.26,-4.6353,821.58
7.2974,-1.6082,-43.129,29.158,-23.156,435.08
-3.9917,-17.524,59.585,172.41,-89.745,754.9
5.0071,13.347,5.9281,-21.022,38.922,460.68
-30.875,-10.559,197.03,142.22,-247.29,741.25
-4.8154,13.857,23.566,-24.945,51.277,542.51
-31.112,47.64,177.55,-56.958,-163.97,893.83
-3.5601,19.329,36.077,-29.549,23.46,486.96
-32.068,-11.986,44.153,146.89,80.334,725.79
3.4604,12.469,-24.902,-27.596,-46.477,535.23
-32.513,20.111,220.1,26.167,-274.99,837.07
-10.491,19.322,65.318,-27.542,-0.78575,487
-33.393,27.034,189,20.427,-207.04,782.65
-5.7776,19.933,28.626,-33.294,45.859,506.07
-34.246,12.754,92.149,22.639,-85.459,865.21
0.64319,15.486,-14.248,-39.436,-51.433,461.7
-34.311,25.162,154.91,29.724,-190.64,760.48
3.5802,2.2651,3.4419,27.705,35.769,505.83
-34.538,0.3878,181.95,141.76,-336.83,733.62
1.8513,-3.8415,-3.1271,-22.593,-94.321,631.44
-35.799,47.65,226.63,-52.113,-272.56,861.76
-3.4545,21.888,38.696,-41.289,11.329,491.96
-36.627,13.467,205.83,64.176,-208.55,788.72
-10.474,17.948,57.586,-19.123,14.748,464.32
-37.947,-16.703,194.92,171.78,-163.68,737.7
-3.464,2.0063,32.389,20.803,41.327,445.08
-39.106,1.1358,227.7,91.234,-270.35,808.69
5.6177,13.658,-15.737,1.3068,79.711,429.71
-39.745,79.444,38.298,-184.64,137,996.41
-17.71,9.9381,48.14,11.648,-85.285,415.94
-4.0473,-17.941,12.064,126.71,-53.754,916.68
-12.185,-4.2769,26.102,18.445,-82.941,530.47
-4.5721,9.1386,49.781,35.859,-48.385,858.28
4.7578,11.997,-15.768,-9.9666,92.504,518.6
-4.6536,-18.208,84.012,75.06,-119.48,894.61
2.6891,-3.2248,-13.959,62.148,107.58,406.35
-40.335,-5.9681,197.67,104.02,-169.92,779.82
-4.513,2.7482,27.807,20.252,55.551,484.83
-40.732,-22.433,93.373,199.14,10.581,643.67
8.8433,5.4243,-43.161,-12.439,-18.27,508.37
-46.28,49.203,116.43,-126.26,-24.103,874.17
-5.3129,5.8752,1.4511,19.377,-27.126,444.29
-47.319,-7.4795,241.05,150.22,-238.69,693.05
-18.361,7.7735,80.02,3.7616,2.7012,499.02
-5.0027,-20.783,-42.45,185.53,114.62,692.45
16.019,4.6621,-76.986,10.378,-2.9225,443.18
-5.208,41.074,61.319,-39.75,-29.039,902.19
-12.893,13.863,69.978,-21.022,-7.1006,500.31
-5.3685,11.057,49.637,110.3,-52.143,758.67
-1.402,14.497,29.37,-18.996,18.593,497.49
-5.4235,23.828,-37.73,-9.8058,74.779,864.94
-0.2493,9.1935,-3.5225,9.0471,-75.936,458.91
-51.791,25.296,251.21,-5.7158,-216.47,817.03
-13.336,11.268,60.472,-2.7488,26.085,489.99
-52.156,24.912,202.25,67.606,-205.71,781.15
11.423,-5.6182,-43.243,7.5899,-51.842,582.7
-55.483,25.229,299.33,33.573,-338.08,770.89
-20.809,15.368,83.731,-8.5493,1.1609,446.69
-6.0143,-26.522,59.729,249.63,-72.901,660.81
-6.9232,3.8799,44.338,19.763,24.831,453.55
-6.1091,-0.01174,3.8133,82.096,2.4078,872.33
5.3673,-3.084,-29.701,29.972,-56.092,474.54
-6.442,-5.3961,102.11,98.402,-139.64,750.76
-1.061,17.832,24.901,-37.734,24.673,521.42
-6.5412,-11.465,96.229,126.33,-110.85,734.19
-11.961,7.3062,74.82,3.0871,-29.068,459.27
-6.7151,-24.241,69.69,195.8,-68.93,743.96
-1.9303,7.1649,26.933,7.6305,44.517,460.44
-6.7477,-19.173,29.429,165.26,-99.226,868.41
-1.5082,2.1906,6.1628,-12.868,-77.27,541.56
-6.9351,-21.942,28.621,207.9,8.4222,687.68
-7.1969,-9.9737,25.621,40.34,47.066,521.04
-65.274,24.254,246.45,39.681,-234.84,817.84
-5.2197,11.16,5.3683,-66.045,-58.049,685.77
-7.7524,8.6851,-12.684,48.131,8.2144,837.11
8.9452,-1.8491,-40.575,22.506,-38.031,426.61
-7.7579,-17.644,82.317,166.5,-64.5,725.83
-7.3342,8.2402,38.621,-9.2186,30.756,487.2
-7.9091,50.678,-43.429,-109.07,82.379,909.48
-3.6918,5.1,3.796,29.019,-62.437,363.93
-76.185,2.5382,238.92,164.22,-129.03,614.38
3.6812,18.244,-47.483,-55.737,25.266,486.09
-8.2133,-5.9401,-34.934,100.8,109.45,870.67
13.43,13.535,-57.748,-12.836,-30.549,497.96
-8.6569,34.363,73.183,-36.478,-94.386,860.6
-3.7312,12.469,16.055,-2.2719,61.353,511.22
-8.9361,6.6743,-13.547,31.251,21.894,916.3
-1.4679,0.045872,-0.6015,30.888,-87.461,431
-9.163,-26.961,80.873,200.18,-75.259,733.6
0.39466,11.129,21.304,-4.4701,45.42,465.08
-9.365,-5.769,30.658,104.09,-45.903,838.91
4.4806,-0.0080446,-21.645,15.733,-84.005,494.41
-9.5143,11.683,108.76,33.314,-179.79,821.96
-2.3361,26.007,29.148,-47.999,21.127,479.33
-9.8601,-26.474,111.72,157.56,-143.81,707.84
-4.8291,11.018,34.617,-12.773,28.015,514.05
-9.9419,-30.854,99.201,215.05,-92.6,710.09
-0.70709,12.437,23.726,-22.33,29.594,479.09
0.033681,-9.0432,-43.197,88.26,60.32,799.11
13.973,-6.0203,-50.582,48.915,-65.522,468.4
0.07407,38.634,77.541,-22.102,-201.38,825.73
-16.256,18.317,73.193,-37.249,10.623,530.34
0.19989,-34.242,51.142,209.9,-65.941,698.9
-3.49,12.942,26.146,-20.663,32.408,457.94
0.23758,16.127,64.615,26.312,-120.23,908.53
-11.035,10.492,55.649,-25.928,16.458,569.72
0.85253,24.198,-10.797,20.898,-16.287,885.23
-8.2401,1.8025,26.469,24.465,-106.89,456.81
1.7122,-51.981,-29.093,207.48,-25.241,853.42
-1.1254,2.4889,14.002,11.084,-119.99,462.8
1.9525,19.874,-44.851,-18.145,47.524,865.25
3.4831,2.4379,-8.2813,15.322,-91.819,507.15
1.9616,-26.233,-14.73,244.14,65.299,673.33
-6.8981,-10.989,24.269,37.448,51.192,484.84
1.9722,45.659,6.0817,-95.292,-8.1193,927.94
23.931,13.544,-49.752,-24.289,20.089,495.04
10.301,-1.4258,-80.954,106.55,107.72,812.02
12.94,6.1833,-54.984,10.328,-46.054,462.81
10.473,-1.1046,-109.16,84.825,141.11,840.28
5.0604,5.8486,-26.686,10.528,-51.89,465.38
10.653,-16.949,-70.523,127.51,40.766,797.84
12.473,1.6927,-53.695,21.787,-30.991,456.19
10.67,2.7402,-91.765,98.196,112.94,803.19
9.9042,10.46,-43.741,-8.7547,-32.447,463.69
10.691,13.583,-54.485,45.377,73.302,806.39
15.45,0.76588,-81.163,13.879,30.677,519.59
10.704,-18.691,50.578,119.3,-142.34,755.64
3.5437,18.067,17.396,-29.099,25.119,492.57
11.078,-38.431,-95.104,225.32,123.7,748.91
14.297,3.8487,-53.898,-0.45452,-46.252,536.84
11.153,1.4908,-92.208,139.21,137.12,694.67
12.58,3.5277,-72.887,5.219,18.71,451.37
11.373,-24.744,-92.56,167.31,149.87,821.51
7.6854,3.7877,-36.096,18.368,-64.358,431.82
11.466,2.2642,-128.08,75.896,184.06,805.56
6.6154,7.7829,-32.395,10.622,-48.798,447.1
11.845,-8.967,-99.911,129.55,112.67,766.55
10.056,13.495,-46,-26.354,-39.579,469.68
11.874,15.107,-112.34,35.975,163.07,875.92
-1.1479,8.0274,-4.1219,-0.66461,-64.268,404.59
11.997,14.161,-19.29,30.57,-49.456,879.55
-0.94211,-0.26411,3.4146,17.846,105.68,481.58
12.473,11.486,23.209,51.748,-78.637,773.57
-0.49715,21.49,18.316,-53.808,27.172,492.02
13.314,-3.7023,41.236,125.9,-116.69,673.33
-7.765,13.239,57.611,-8.3578,-5.235,472.26
13.678,40.879,-17.023,-50.693,14.764,882.2
-5.5691,24.324,47.239,-64.409,-0.31967,555.84
13.771,13.382,-95.57,15.858,171.29,842.76
5.6649,2.3383,-14.269,8.1598,-84.17,504.47
13.814,-2.9364,-102.3,106.54,108.28,769.61
11.8,-2.8402,-48.32,35.729,-53.472,459.19
14.22,-3.1986,-100.64,90.05,82.379,838.56
8.815,23.814,-38.609,-39.12,-37.829,497.48
14.735,-9.9327,-119.74,99.156,147.33,837.36
6.3373,7.0063,-29.337,10.769,-52.451,446.75
14.743,-14.946,39.663,185.4,-122.11,641.67
-2.7045,7.9457,47.093,-2.2838,-17.699,495.19
14.968,53.314,25.06,-77.587,-104.49,837.74
17.599,18.145,-53.012,-29.097,90.295,518.2
15.551,-0.68536,24.833,92.227,-81.762,735.65
-9.1876,9.4939,63.019,-10.349,-14.353,473.28
15.954,10.693,-3.5829,141.29,-100.15,609.59
-14.659,-1.9176,74.395,38.014,-3.4627,465.33
16.175,-7.9158,-19.757,163.31,21.584,703.77
2.3323,-9.7263,8.4708,63.115,37.441,441.04
16.556,-2.01,28.527,182.41,-132.76,589.45
-5.0829,16.271,41.267,-34.599,-7.9412,466.43
16.901,-6.1361,-136.75,149.85,188.15,741.78
14.307,9.0414,-65.46,-5.4181,-18.75,458.54
17.098,21.283,-113.73,1.8295,99.397,847.49
-0.93166,15.185,-5.9956,-14.133,-55.754,422.74
17.599,47.724,7.2784,-47.275,-69.202,846.7
-2.7417,12.992,34.938,-11.626,27.056,472.24
17.718,-15.667,-111.16,133.7,92.598,778.29
10.381,-1.5212,-35.771,19.541,-61.409,532.9
17.776,-32.855,-53.55,174.25,88.079,776.74
3.236,18.613,-3.1855,-50.112,51.058,495.15
18.186,37.8,-107.28,-52.649,106.65,880.4
8.1717,10.724,-32.146,4.2641,-59.466,483.33
18.794,-0.13628,19.859,127.27,-103.97,659.89
-0.41291,12.221,25.764,-26.111,11.679,523.12
18.888,46.426,-121.71,-25.746,146.47,859.85
3.3102,17.366,-17.873,-25.559,-57.435,488.22
19.249,-14.706,-111.93,195.41,89.287,706.47
11.099,-5.5476,-57.534,30.359,-6.5492,444.05
19.73,-6.0609,-69.132,77.204,1.6665,850.44
-1.1185,-7.3297,-0.75677,23.488,-64.421,569.67
2.0227,-1.2995,-43.412,86.655,64.814,877.52
1.3254,2.2192,-12.05,13.974,-81.952,459.87
2.1734,-21.919,-35.797,131.22,61.132,753.55
-1.1909,-5.5148,-12.735,27.4,-44.452,534.29
2.6687,-20.083,-48.419,139.07,60.657,868.09
-5.3946,5.3176,14.841,0.95903,-74.934,441.8
2.9152,5.0123,31.953,59.204,-78.75,818.04
14.545,12.704,-61.989,-25.571,138.26,523.86
20.271,-0.067624,-124.09,90.074,184.53,847.65
7.1648,6.8732,-35.584,12.61,-47.109,476.78
20.623,-11.372,-92.249,133.79,159.52,908.1
1.7279,9.3774,-1.3334,-4.6766,76.571,520.49
20.624,11.185,-137,35.471,171.78,787.29
8.5911,6.2757,-40.473,17.959,-44.373,464.46
20.928,21.548,-128.9,17.589,144.49,853.6
6.2067,15.94,-24.533,-11.381,-67.257,466.83
21.108,-20.642,-123.89,133.72,84.758,790.6
11.911,1.0626,-48.16,24.622,-45.265,484.5
21.135,-13.001,-137.58,151.74,141.11,770.9
10.018,11.113,-46.547,-15.105,-27.287,451.31
21.393,-11.819,-151.21,109.75,161.38,786.6
8.4856,9.0854,-40.998,4.8522,-29.68,414.47
21.476,32.087,-37.419,-22.873,-30.544,928.86
5.5863,11.528,-7.2959,51.876,105.83,208.38
21.797,-8.3679,-152.69,146.73,196.11,776.51
7.3616,20.827,-51.236,-37.817,2.5516,437.26
21.957,-2.3413,-126.15,96.023,111.86,805.44
7.7533,-1.8484,-45.11,25.907,-46.239,443.22
22.811,12.49,-132.04,27.229,126.38,827.61
7.3873,10.38,-33.987,-3.0551,-46.913,518.94
22.919,-18.677,-165.28,129.52,224.39,818.66
5.4756,5.6811,-21.201,5.4606,-55.138,432.22
23.934,-0.3487,-106.39,68.558,40.399,862.87
5.1364,1.9768,-11.068,17.244,-89.282,453.31
24.011,19.542,-44.437,-28.294,-25.669,916.88
24.511,6.2552,-78.582,15.207,104.78,436.58
24.231,9.074,-119.15,64.049,71.742,844.17
8.6955,5.4419,-36.903,4.4344,-44.122,448.36
24.243,37.376,-73.216,-78.15,-4.6875,938.67
3.9358,4.702,12.111,5.2141,9.0288,547.5
24.323,34.814,-49.311,98.864,-2.8767,613.95
-1.233,7.468,37.93,6.5803,-2.0275,469.95
24.71,0.6325,-166.28,69.445,228.86,826.43
13.102,1.8634,-54.505,24.553,-42.516,481.29
24.786,48.221,-41.373,-93.575,2.3173,915.51
-4.5171,12.213,38.057,-19.571,21.131,519.65
24.795,-10.536,-138.68,107.45,107.87,832.21
7.0754,2.7507,-40.557,15.034,-42.432,432.33
25.112,10.059,-135.99,31.006,111.81,844.59
-2.4992,11.421,5.1874,-10.83,-70.429,496.84
25.523,67.175,-72.098,-95.031,7.8863,817.39
-18.543,-8.7213,82.306,51.839,5.9834,496.85
26.274,-6.2791,-29.903,83.555,-61.928,898.89
0.62878,-1.8047,11.661,68.716,63.252,359.39
26.419,6.1813,-154.99,87.941,169.33,795.22
8.0959,3.5978,-38.049,-1.3319,-27.449,443.04
26.642,-10.846,-142.68,101.07,85.769,835.91
9.7872,5.8156,-35.416,4.8114,-60.3,518.3
27.585,-23.742,-156.6,136.42,154.17,794.85
2.7981,18.08,-25.781,-38.592,-45.663,460.77
28.985,-11.805,-165.17,133,180.22,758.86
7.2973,12.621,-39.672,-12.439,-27.118,509.6
29.249,52.398,-126.65,-72.029,112.93,776.8
23.244,12.906,-43.866,-29.828,13.306,440.13
29.318,8.7399,-155.89,49.322,143.37,838.03
1.9973,9.9651,-16.047,-0.43032,-57.579,453.63
29.32,17.703,-84.687,6.1358,68.194,892.8
0.39936,15.833,14.637,-14.108,56.297,491.32
29.614,8.6892,-161,64.124,141.54,825.57
10.412,9.9417,-45.393,-14.132,-29.783,436.83
3.5991,22.261,-38.3,-37.497,44.88,900.73
0.024243,0.22809,-4.7932,20.712,-75.059,505.56
3.6253,2.7772,36.609,148.71,-53.049,648.56
-9.5142,10.826,59.602,-21.509,-19.203,540.38
3.7336,-3.9095,56.536,87.44,-98.757,753.82
-9.7121,17.925,51.913,-35.792,20.841,525.76
3.9198,54.515,67.134,-101.55,-115.19,880.82
-10.659,15.248,63.553,-29.361,-9.8995,525.33
31.259,26.377,-69.755,-51.874,-105.48,885.46
1.2907,20.137,21.719,-27.471,40.21,456.38
32.115,-16.229,-167.56,120.87,134,787.4
7.1236,-2.0706,-39.778,24.967,-46.952,438.04
32.582,33.412,-33.655,-33.744,-95.854,822.78
11.987,31.138,-31.005,-84.703,73.667,566.05
33.328,-24.041,-187.9,126.01,192.57,830.95
8.257,2.1812,-36.913,24.545,-54.269,479.99
33.443,-3.0777,-181.21,100.22,151.46,772.18
7.9331,2.5683,-33.975,23.881,-40.706,483.36
35.828,124.84,-138.99,-211.4,150.6,821.05
3.0643,37.788,-6.8965,-22.999,13.386,444.07
39.268,0.90335,-206.63,63.961,178.86,807.23
13.179,6.9683,-55.619,8.1594,-48.648,420.18
39.416,-7.5636,-199.11,100.12,179.91,820.51
2.9804,2.301,-21.682,13.637,-58.173,426.48
39.429,-12.996,-191.37,106.08,142.51,823.3
5.0415,4.1,-24.178,24.08,-65.175,455.61
39.476,42.365,-83.79,-35.62,-6.2812,853.07
3.7544,26.913,4.3482,-44.874,40.459,463.55
4.5125,-8.8764,-104.67,148.59,188.91,718.38
15.822,0.46917,-72.13,27.978,-18.006,451.53
40.107,-2.3059,-205.12,90.769,181.1,809.04
2.9199,8.4284,-16.237,6.3482,-62.745,457.85
40.159,-8.0691,-199.02,100.87,160.2,805.36
9.029,5.0452,-43.97,5.5237,-40.648,429.59
42.124,16.176,-215.96,-19.47,176.78,921.84
-15.869,17.668,66.477,-37.135,-146.54,534.42
42.274,-13.935,-210.25,132.23,158.52,787.44
13.122,0.77591,-62.982,16.602,-27.438,446.03
42.449,5.0319,-88.974,128.71,-57.337,659.4
-8.129,7.6055,55.581,-12.364,-6.5228,491.65
42.792,72.557,-43.706,-186.71,-116.61,1016.7
4.7152,7.1262,8.5401,26.424,31.329,359.84
44.432,-16.056,-93.283,155.53,15.41,668.96
8.2784,9.7885,-7.1941,-14.554,55.088,494.47
47.072,-60.121,-189.96,259.67,257.18,723.83
7.4846,-0.58488,-23.657,-3.1724,87.954,573
47.154,106.95,-69.536,-285.37,-159.19,1062.7
1.4838,-2.0034,3.8417,39.722,36.533,393.14
47.917,-56.64,-264.67,233.42,411.66,796.4
12.075,-19.77,-53.056,40.802,136.47,604.02
5.2072,-28.691,-72.463,172.52,81.683,799.16
11.636,10.629,-49.667,0.35036,-45.186,457.51
5.2356,24.75,46.197,-8.1348,-83.109,871.13
-0.55715,20.945,13.439,-51.62,49.536,560.54
5.4464,-18.53,-78.608,106.16,104.13,834.99
16.196,0.76954,-54.964,22.025,-55.031,513.86
5.6155,-28.766,12.18,170.66,-10.522,715.99
-11.918,-0.17543,59.323,22.85,12.556,520.1
52.303,48.909,-133.48,-69.681,-2.964,814.34
14.908,12.994,-25.702,-28.168,33.496,501.96
6.3444,-16.132,-64.431,131.96,95.767,859.73
5.8445,2.5176,-21.746,14.344,-83.932,473
6.5395,-22.201,-59.363,171.98,42.469,765.74
12.235,3.1981,-54.992,9.2719,-32.139,456.65
6.9661,-31.079,-27.869,151.83,36.723,879.38
-7.9818,-0.63627,34.072,10.605,50.299,558.61
61.995,33.706,-164.68,-4.1674,35.362,702.43
14.245,11.273,-19.307,-30.619,14.747,560.86
67.641,-45.551,-281.04,324.99,216.87,555.3
-1.3328,-13.352,14.607,15.814,-107.96,596.23
68.163,9.0036,-208.23,38.379,179.77,821.64
2.5552,22.897,23.162,-60.337,6.2919,494.46
7.3513,14.452,23.447,12.185,-63.312,816.96
-13.565,6.4383,56.063,-3.2901,25.706,536.96
7.9156,-15.74,-47.598,151.79,10.427,835.52
10.209,-2.7902,-45.114,27.453,-40.218,431.35
72.337,30.418,-259.99,16.661,226.67,741.07
7.0834,10.748,0.52833,-22.784,21.956,557.18
72.601,55.152,-206.92,-123.63,87.263,863.82
8.671,8.7145,-2.1074,-8.0741,13.154,503.99
8.1489,-6.1761,-21.917,137.43,-41.694,804.06
-2.5784,-5.6066,-2.0583,26.25,-57.074,534.65
8.5633,-22.997,-63.065,210.36,74.533,672.76
10.027,-4.2624,-57.956,29.349,13.582,446.78
8.755,-5.1539,15.477,129.29,-27.847,764.45
-6.5325,12.161,47.109,-10.953,18.569,469.45
8.886,41.363,7.7996,-91.295,-33.346,989.89
-1.1684,-8.2603,21.979,82.649,39.895,389.9
9.2144,-33.997,-94.335,206.06,88.53,745.58
13.887,-1.6681,-49.474,23.684,-48.483,523.59
9.4591,-8.0282,-50.061,71.662,136.37,1039.1
1.075,3.6441,-5.9565,-3.4542,55.889,524.84
9.5353,63.283,44.466,-141.38,-181.24,896.31
17.338,11.113,-54.237,1.1522,91.199,507.94
9.6231,-8.7177,-84.873,116.27,116.94,800.14
11.722,5.3063,-49.853,8.6047,-47.908,473.08
9.7269,-4.0381,-76.363,87.299,44.54,825.24
10.156,-2.6534,-51.212,30.209,-52.232,446.22
90.457,-14.893,-382.38,97.3,472.8,846.64
12.736,-10.036,-52.673,11.132,117.84,592.1
-0.63358,5.1433,-36.414,25.581,71.942,873.47
5.8092,10.689,-27.102,-8.4898,-41.363,451.3
-1.1001,-7.8294,43.986,78.816,-38.767,896.42
-4.6395,-5.0866,14.348,31.168,81.83,425.01
-1.1336,-12.964,19.909,116.38,-84.437,903.72
0.18158,-6.7291,9.3767,24.802,-98.77,519.25
-1.1547,-7.4893,59.079,105.61,-101.46,912.99
-1.0893,-0.73712,6.6466,30.242,86.821,473.41
-1.4096,-5.8411,-26.569,63.031,33.637,789.21
6.2772,-0.87221,-28.656,26.205,-53.403,514.34
-1.7496,-0.33339,5.724,49.364,-6.8803,947.41
-1.8371,-2.891,5.8375,10.368,-68.744,551.66
-10.497,13.368,51.231,28.493,-13.464,893.54
-2.0164,2.9932,8.2807,17.445,78.158,462.8
-10.988,-0.50531,37.575,96.783,-56.928,886.45
-1.1963,-0.26785,3.5132,10.426,-79.894,515.86
-12.036,-19.764,23.004,125.25,-41.649,952.67
-2.5494,-5.4877,11.95,24.14,-92.241,496.29
-12.813,7.5999,3.8061,38.733,71.23,919.5
9.9731,10.657,-53.158,1.2071,-22.88,468.09
-13.232,5.5123,-36.428,4.5703,168.65,906.61
-4.5955,11.707,10.289,1.7734,-78.954,464.55
-13.234,2.1707,57.735,51.704,-19.727,884.33
-0.77231,6.5458,5.8864,7.8739,87.323,492.79
-13.658,11.353,68.437,73.543,-48.797,843.55
-5.7379,-1.5566,10.999,7.8564,75.106,542.5
-14.538,-39.931,9.6218,198.23,133.97,931.39
3.4166,3.3533,-20.038,-6.6717,108.16,518.58
-15.173,1.6714,77.048,89.002,-63.263,854.87
-7.0578,-3.1047,19.156,22.288,88.973,527.34
-15.901,7.4874,77.828,67.851,-18.301,887.55
0.50217,2.5077,3.6404,31.977,97.079,424.94
-15.967,-33.241,64.882,206.17,-27.733,796.78
3.1776,-0.59549,-17.812,6.8261,116.2,556.67
-16.212,-0.68568,69.655,88.118,-33.862,887.89
-3.6732,-1.2025,8.4918,9.2998,76.575,556.65
-2.0259,-17.683,11.953,139.28,17.292,905.08
6.881,3.8354,-17.57,6.429,90.523,527.96
-21.096,-10.873,93.571,126.43,-57.758,870.31
-4.4018,-5.8474,12.31,29.207,80.294,537.8
-21.862,-0.071881,118.05,97.986,-107.71,888.27
0.38711,2.9968,-6.016,8.7038,110.52,479.49
-25.158,-7.0887,101.37,115.51,-33.55,914.19
-1.3382,4.3971,9.977,9.1098,89.665,489.22
-3.6753,2.3568,15.71,57.489,-43.157,925.46
-4.7511,8.4151,18.376,-5.7979,-101.48,483.78
-4.4765,25.903,-46.203,-7.2279,87.757,861.36
3.1573,3.224,-21.398,14.114,-64.113,431.13
-4.5831,-25.873,76.059,173.01,-129.06,666.21
-3.6012,-12.24,11.567,47.52,78.438,544.78
-4.963,12.429,8.9033,37.797,-28.891,925.02
0.68311,2.9755,-4.2,3.099,-74.819,522.34
-5.5879,2.7282,-13.474,101.67,16.092,842.36
-3.3783,-2.1549,25.84,0.25095,-104.61,503.45
-6.2547,2.8913,34.546,76.216,-34.894,883.61
-1.1557,0.82064,0.73155,6.8165,79.187,572.62
-6.4752,1.5765,31.106,75.939,-74.233,916.37
1.4691,-2.8838,-6.8966,18.304,-69.94,524.43
-7.0657,-2.1574,45.754,77.344,-41.225,947.56
-4.7366,-5.6416,8.4045,22.137,84.763,578.09
1.4819,6.3398,9.586,72.797,2.5303,867.02
0.94116,-1.4049,-6.755,13.267,89.464,560.2
10.005,-17.733,-33.99,124.83,-3.8299,906.5
-2.0942,0.7411,3.107,12.159,-70.163,514.4
10.213,49.178,-77.59,-41.898,107.61,879.02
0.7769,-1.3377,-6.8595,40.859,-75.494,410.41
10.604,-30.096,-37.224,179.35,-10.692,841.11
2.3729,-2.2849,-11.251,17.126,-75.385,509.22
11.035,18.772,-108.65,31.739,112.85,847.46
9.1075,0.55283,-41.016,18.598,-53.863,439.91
11.188,6.4652,-49.13,69.489,-3.6249,906.83
7.2097,-3.0494,-23.89,18.156,-64.345,492.01
11.782,-11.803,-37.577,128.1,62.827,878.12
-3.1101,-3.2267,3.5988,13.965,75.386,558.7
11.884,-10.456,-47.592,112.48,24.783,875.28
-3.8941,-5.2162,15.456,21.418,-97.593,562.35
11.899,-13.729,-42.921,125.98,69.574,892.52
-10.48,-2.0361,33.647,21.103,70.982,540.55
11.967,2.4851,-42.034,53.538,-8.3185,860.33
-1.2486,-2.1805,0.68143,12.688,74.212,575.99
12.29,0.11669,-47.786,75.457,72.683,931.99
5.8074,-5.5986,-17.75,26.063,95.862,538.86
12.298,-3.312,10.587,115.99,-72.243,823.66
-4.8897,4.6264,36.72,15.203,27.334,464.45
13.127,-3.25,-14.086,102.7,8.6223,723.65
-7.8924,2.4283,42.906,13.523,21.284,534.75
13.75,6.7054,-70.071,56.012,53.222,912.96
5.9146,-4.643,-20.413,25.807,-63.102,521.44
14.316,-12.928,-52.71,119.48,82.996,903.78
-0.69208,-0.28838,1.7397,20.165,98.354,499.32
14.316,-6.9943,-53.354,103.73,-4.0366,911.97
-5.4328,-1.5176,14.41,4.1456,-76.6,582.92
14.367,-25.191,-155.67,178.12,252.52,782.01
1.3705,2.1808,-16.8,19.224,-56.546,482.14
17.739,9.2279,-89.485,88.704,88.621,818.64
5.0771,-0.56014,-27.216,35.831,-58.142,417.37
17.9,16.62,-111.2,32.524,88.14,867.03
-1.8385,6.282,10.021,17.792,-95.076,464.44
19.476,-7.6143,-97.926,83.33,59.42,883.44
11.225,-3.1566,-38.142,27.606,-72.368,423.08
19.972,-1.8326,-91.313,73.943,85.509,924.28
0.15555,-6.4575,-0.85713,25.872,-83.395,518.82
2.0917,6.8012,24.986,81.494,-18.903,905.78
2.0096,-2.2104,-5.3978,29.969,95.332,423.43
2.4809,7.7494,0.18301,45.714,0.47293,945.95
-3.2185,5.8154,10.28,-1.8978,66.109,526.69
2.678,10.285,-0.89672,46.484,20.824,942.88
-1.2682,4.1412,0.33535,3.4125,83.015,541.54
2.7394,-5.5557,-12.291,56.87,10.563,923.51
3.632,-2.7957,-12.325,14.775,-58.034,583.24
21.205,-5.0632,-79.075,95.807,50.016,829.97
3.2701,2.671,-6.6785,-0.63367,-94.481,548.34
22.625,-21.642,-135.58,116.35,170.21,827.48
5.9338,-3.5149,-28.043,39.425,-53.47,501.47
23.15,13.791,-19.767,21.949,-59.241,934.53
-6.6874,-1.6164,26.027,42.486,75.039,449.11
23.184,-6.6361,-105.45,105.95,90.813,895
2.635,3.8541,-12.675,7.3326,-74.755,431.24
24.218,-3.0869,-129.37,97.452,125.04,836.88
11.203,-0.9299,-43.689,27.055,-44.288,426.28
24.559,-2.5816,-151.13,126.69,145.99,801.9
6.422,2.2039,-14.169,5.6361,-79.057,520.88
26.872,-6.0516,-153.86,111.46,142.33,841.73
4.8446,3.1239,-11.003,15.164,-80.754,512.52
3.1337,2.9884,-59.77,71.41,84.076,876.42
2.3335,9.4522,-18.66,-5.3478,-60.205,428.31
3.8602,6.1235,-12.018,76.973,-43.017,880.88
-3.8714,1.9994,18.304,3.4782,-89.366,483.04
3.8871,2.2972,-61.614,57.365,79.73,835.97
10.725,6.8911,-44.371,3.3558,-45.163,514.4
4.4167,7.2854,-30.82,27.472,41.329,922.46
-1.5524,1.8018,-2.5061,2.0168,-51.272,458.4
4.9809,-4.8071,-36.07,82.954,31.526,839.66
5.8178,-1.5155,-21.586,24.968,-73.111,518
5.8219,0.59867,-51.813,82.286,22.192,810.95
8.7647,-3.2207,-28.967,14.643,-55.12,461.31
6.1117,-2.6266,-22.628,77.311,26.427,877.79
-1.3459,-3.7768,1.2273,20.364,79.042,564.03
6.544,-22.777,-69.301,118.31,132.13,828.93
4.6598,6.075,-21.953,3.8399,-61.898,524.92
7.0461,2.5794,-34.622,60.877,-7.4239,921.35
3.9283,0.82137,-16.139,6.7114,-65.626,527.22
7.1142,13.11,-75.565,54.184,80.54,817.26
6.0164,3.9382,-28.757,15.834,-65.869,465.87
7.7646,-2.1707,-17.947,104,-77.943,873.63
-1.0103,3.9051,5.2579,-10.247,-75.798,527.46
8.0353,6.5558,-67.517,42.519,46.612,854.3
4.5038,3.6533,-8.5072,17.698,-96.062,512.7
8.2055,-15.04,-33.425,125.24,65.848,897.9
0.013555,-2.3814,-1.0277,22.006,93.526,522.58
8.2809,3.0817,-41.774,29.742,75.212,910.89
6.9506,1.5107,-18.782,7.7671,-79.068,539.27
8.3829,-4.194,-50.409,95.964,20.04,881.08
1.5616,-6.7629,-2.9152,22.533,-70.759,470.64
8.6623,-9.8437,-69.597,96.38,73.625,859.26
5.8942,3.0377,-28.621,19.723,-60.917,418.25
9.042,-6.5174,-103.78,82.236,167.57,831.33
5.6203,4.1879,-26.994,15.722,-58.365,482.68
9.7171,-3.7308,-88.264,98.573,112.06,821.35
12.024,3.4308,-48.325,18.272,-53.362,462.34
9.92,4.4215,-30.623,77.86,-40.423,925.82
1.9772,2.3755,-1.9741,-3.2227,-74.282,575.82
-0.090189,-77.451,-75.372,168.78,-16.329,645.67
-11.376,10.615,62.48,-12.898,-6.6459,479.44
-0.18632,-8.7438,39.054,-125.38,163.21,862.02
-1.5671,-0.24093,12.82,31.505,-97.977,474.96
-0.56434,9.9029,10.087,-152.29,-228.41,795.9
-1.329,1.8681,2.2468,0.87052,94.515,529.12
-0.67214,-8.338,46.608,-81.153,185.48,812.29
-2.0524,-2.1394,3.9659,20.771,-66.209,442.43
-0.69999,5.4251,14.286,-111.98,160.51,807.63
3.2603,-0.060134,-8.3367,12.713,-74.411,464.49
-0.70356,-3.2039,-10.45,-137.94,-199.09,866.26
6.5149,2.9709,-24.754,16.399,104.27,464.34
-0.7615,-93.094,6.0503,242.3,-189.83,505.06
-19.653,22.065,69.668,-77.694,40.349,617.76
-1.1489,-5.0656,3.3899,-16.338,304.57,647.63
3.0652,3.1117,-7.4049,1.3389,-62.785,547.14
-1.2761,4.2154,-19.333,-39,351.73,644.57
-4.3026,14.504,0.87532,-22.338,-67.181,512.47
-1.6094,14.292,2.6146,-26.432,-125.27,827.35
-14.801,0.53143,60.182,15.287,35.606,490.47
-10.393,-4.636,42.595,-48.492,165.57,563.35
-3.6343,2.804,13,0.042609,-72.447,585.07
-11.02,-9.3906,95.336,-111.97,57.182,882.04
-2.67,12.568,5.1963,-17.237,-80.984,464.27
-11.241,-19.232,-50.755,-65.315,74.739,915.07
3.8916,6.051,10.009,25.652,7.7701,466.49
-11.521,9.9154,26.517,-80.107,-274.57,772.37
2.4398,-1.7491,-10.401,8.8875,86.594,528.01
-11.886,-17.068,47.588,-21.879,-274.53,695.39
3.4957,-9.9501,-9.6346,43.679,41.631,569.67
-12.316,8.0488,72.011,-133.34,186.21,825.89
1.5277,2.6331,-7.0693,6.1664,-82.074,501.84
-12.479,-20.01,74.751,-18.897,191.15,784.91
2.8509,-8.3498,-1.8021,27.619,-103.39,528.47
-12.546,6.0096,55.757,-28.042,-179.17,730.34
-10.482,-1.4257,34.684,10.531,40.882,587.13
-12.68,-9.8711,78.889,-85.583,160.34,835.73
6.6543,2.7635,-26.897,12.52,-59.429,450.38
-13.107,-3.7195,61.775,-90.838,187.32,813.51
-3.758,1.1012,17.022,8.441,-99.157,460.29
-13.116,-5.513,53.878,-22.165,226.41,704.76
-2.0461,-2.7101,-7.0475,21.706,-65.173,457.19
-13.224,-7.9452,-0.73188,-163.52,-113.38,992.22
-5.5699,-8.113,41.817,67.477,17.713,441.07
-13.579,-2.8103,46.482,-44.121,262.85,640.76
-5.5434,-1.4202,19.35,5.8721,-86.784,560.68
-13.616,-0.40628,67.207,-29.536,108.63,810.63
-10.347,-7.7233,36.327,22.163,-108.24,559.02
-14.707,-6.5764,70.3,-77.306,153.54,742.07
4.7033,-8.0261,-20.326,35.294,-73.637,477.68
-15.094,-71.706,-11.558,105.87,-97.64,744.37
-20.062,6.2388,77.66,9.6725,17.105,465.95
-15.445,-77.937,-20.496,135.98,-53.733,701.56
-6.7941,6.7098,53.688,-11.283,-18.854,476.25
-16.188,-0.97231,47.526,-90.736,284.19,783.47
-0.0092043,2.4725,2.5297,-4.5286,-93.505,537.35
-16.229,-0.47398,88.73,-74.569,175.75,716.28
4.9527,-7.0331,-23.181,28.492,-54.727,511.01
-16.332,-18.178,100.9,-65.47,138.26,829.72
9.265,-1.382,-31.487,25.546,-75.159,474.3
-16.408,1.3853,46.016,-79.888,-94.608,880.27
-3.3944,-2.0491,4.6272,22.42,89.096,526.62
-16.765,11.249,66.873,-70.662,-303.55,687.97
20.094,-18.71,-91.238,49.1,187.89,562.51
-17.347,-3.9856,46.546,-30.099,-304.69,670.09
-3.2848,-0.40388,5.8037,6.6163,84.712,554.55
-18.298,-15.234,90.486,177.61,-273.46,388
-7.6829,11.074,31.915,-61.557,39.656,692.92
-18.586,20.946,48.504,-145.6,249.11,744.76
4.2844,-3.9707,-6.2079,19.283,-92.456,485.92
-2.3831,4.6263,6.5491,-73.878,-290.09,771.24
1.9619,-4.0304,-20.311,1.1282,98.888,544.71
-2.5143,15.964,25.561,-185.62,173.82,838.03
2.0334,-1.5536,2.8984,19.982,-103.61,513.73
-2.5605,75.69,-14.156,-169.11,189.72,762.07
-16.238,-9.7513,63.661,14.103,-98.981,667.05
-2.6005,-53.859,-53.025,37.731,-72.612,756.34
-19.01,-6.1079,77.839,28.751,-0.2728,459.01
-2.8714,20.385,66.263,-137.72,139.44,783.45
-3.9137,-1.9923,12.997,28.938,-91.85,480.49
-21.029,-35.56,-21.301,-39.501,-13.562,883.52
-14.167,14.836,66.566,-23.582,3.8197,517.73
-22.842,-31.718,-18.671,4.449,-21.246,883.91
-2.3417,10.931,38.271,-35.406,-20.469,527.12
-24.716,-73.394,33.44,131.71,-197.46,781.66
-10.768,6.3487,50.031,6.6945,26.038,470.93
-24.771,5.3752,31.998,-167.78,-168.5,893.4
-17.869,1.2116,60.852,4.1586,30.309,485.52
-24.961,3.2137,172.26,-19.52,-102.97,731.5
4.8572,-9.9903,-35.689,53.084,-28.593,491.42
-25.802,-17.822,125.34,-70.754,143.94,812.69
4.8865,2.1473,-10.067,8.3921,-98.066,485.46
-25.878,-12.633,85.738,20.563,83.639,860.38
6.343,1.8359,-26.979,3.9704,-63.269,548.23
-25.891,-13.032,70.045,-38.357,-210.03,808.93
3.1661,2.0842,-32.109,-4.35,140.81,551.82
-26.087,29.983,21.224,-211.13,-156.11,971.02
-7.575,17.599,16.722,30.357,17.166,445.19
-27.543,-42.927,74.2,-10.961,-216.24,839.17
-17.011,1.7889,71.484,10.021,3.911,474.66
-27.877,-43.876,52.65,9.9707,-190.42,823.93
-10.639,10.735,53.54,-12.23,16.068,481.83
-27.883,6.9315,147.64,-75.259,106.19,744.2
2.49,-4.2763,-6.9857,32.847,-79.563,503.26
-28.777,2.3616,138.09,-148.12,109.88,832.85
4.4103,2.7422,-17.676,11.726,-72.505,472.8
-3.2659,7.2112,-2.9231,-18.262,-137.59,797.24
-2.5389,-4.0681,0.92346,29.335,97.206,533.42
-3.4655,18.33,21.757,-92.716,177.17,654.55
-1.4227,7.1086,4.2237,-10.285,-56.514,521.41
-3.6641,-29.537,55.023,10.671,84.435,813.44
16.627,-4.9742,-60.222,36.7,-59.12,480.69
-3.682,-56.703,-60.43,111.85,27.133,788.17
-2.9363,11.023,46.321,-11.051,-8.5029,494.06
-34.949,10.209,123.82,-95.404,-219.97,872.51
-1.0805,14.659,3.2396,-34.479,112.26,503.72
-34.967,-67.02,97.789,77.52,-231.43,788.96
-7.6067,6.8072,30.173,-0.15253,43.88,468.8
-35.124,-70.429,67.482,171.14,-155.85,686.01
-17.841,-12.302,82.498,53.393,-0.17647,469.33
-36.15,-40.041,88.104,12.15,-214.27,825.48
8.434,6.4363,-25.747,18.069,82.87,477.09
-36.618,25.674,175.66,-164.07,-360.94,925.4
-5.2743,-2.9632,13.321,31.577,100.64,491.57
-4.2644,-0.8685,31.059,-134.57,260.48,886.16
1.4702,0.84668,-4.3132,22.232,-91.734,452.98
-4.378,28.908,-15.956,-240.48,-124.07,912.17
3.7066,1.208,-12.258,12.795,103.09,478.3
-4.3815,12.919,-3.3503,-143.11,-195.83,843.64
1.951,1.8515,-8.8049,5.4984,98.224,542.03
-4.4401,-5.7102,48.34,-106.12,190.77,836.27
3.4871,12.213,-8.6131,-11.177,-86.969,485.13
-4.5002,21.55,22.344,-207.95,241.05,848.61
-5.6981,3.1756,23.606,6.9148,-127.83,460.23
-4.8553,-59.33,-67.231,89.367,-45.19,778.56
0.67503,2.411,11.577,-4.7229,41.559,554.08
-4.887,-75.743,-71.242,27.037,26.226,952.89
-17.832,-7.0363,95.13,65.608,-11.347,318.48
-4.9109,-6.9388,11.151,-75.637,-290.48,843.75
0.22965,-0.29306,0.5741,20.559,83.585,486.08
-44.744,-28.966,98.556,11.079,-157.62,847.06
25.917,14.978,-75.261,-8.128,97.76,412.26
-45.801,78.028,179.43,-381.09,147.25,951.13
-11.093,-4.7643,73.027,20.393,-184.02,489.28
-5.0966,19.714,-12.462,-209.76,-210.14,994.57
2.7684,4.5951,-11.452,12.781,91.96,459.73
-5.1464,-0.34824,43.511,-23.531,133.95,772.16
7.2493,-7.2764,-17.174,42.056,-75.064,533.35
-5.667,-7.8912,39.289,-106.21,216.64,807.86
9.227,-3.3755,-30.555,29.029,-67.397,466.84
-51.636,56.376,171.97,-241.3,194.86,793.5
-9.7361,-4.3305,45.365,6.2945,-133.57,593.1
-54.126,-34.918,145.03,-9.9847,-246.82,833.65
-8.99,12.991,54.42,-12.595,0.087174,468.56
-59.259,-18.435,160.52,-71.597,-251.66,913.71
-5.0785,11.512,26.794,-17.738,39.39,474.21
-6.5818,-53.088,-2.223,21.334,-178.43,813.37
-23.225,-2.6399,86.266,10.732,-0.33917,486.89
-6.6842,-77.338,46.921,213.77,52.994,672.57
19.801,12.712,-87.687,-9.8223,22.05,517.52
-6.987,-20.915,-4.5039,-44.783,-148.92,936.85
0.33157,-2.2275,-4.4187,43.969,112.07,450.47
-66.227,-91.988,222.23,213.7,-321.78,685.31
6.1209,26.793,-9.611,-57.633,36.178,463.88
-7.6533,41.143,-2.0984,-100.43,-199.78,583.95
23.014,-3.3266,-83.892,4.5337,128.53,567.74
-7.8641,5.8175,46.147,-100.01,182.04,749.71
1.3979,7.0719,-10.105,-23.492,-77.875,566.7
-73.695,28.749,327.48,-181.12,-91.39,833.2
-1.118,-30.161,-25.132,97.496,-6.0158,472.79
-8.054,-52.628,-17.631,80.662,-112.66,688.86
-6.7608,2.694,44.48,9.1968,10.75,529.71
-8.105,-1.9266,17.784,14.984,151.88,222.4
4.4919,-10.735,-16.324,28.951,-13.202,647.8
-8.3163,-26.656,24.749,-23.612,-283.51,850.1
-0.54482,1.5923,2.7604,17.38,92.959,455.92
-8.3176,-3.9149,38.064,-29.881,162.8,823.76
-2.5258,-4.6555,4.6089,18.794,-58.297,492.53
-8.3711,-18.113,75.904,-66.839,129.68,853.75
5.8464,-0.62033,-25.662,27.427,-68.982,447.18
-82.803,-40.053,417.79,109.18,-749.48,462.24
2.5185,18.658,-20.019,-77.784,112.07,589.93
-9.0494,-27.215,83.638,-55.739,126.55,840.9
-3.2829,2.1209,15.007,31.721,-89.348,415.28
0.29844,-47.357,31.834,275.41,78.406,304.19
-7.6817,-1.2241,5.9233,-47.158,-11.628,649.8
0.32388,-12.572,17.216,-55.126,203.49,764.92
-5.0181,8.835,11.535,-9.4072,-83.912,480.92
0.47925,9.4411,2.8395,-106.23,259.9,686.72
-4.1894,-9.2002,12.73,22.879,-95.075,541.64
0.60528,11.392,-3.5525,-238.4,249.39,982.45
-0.72402,-2.847,5.6127,16.206,-125.76,417.16
0.69358,19.891,3.8165,-49.543,-127.33,876.49
-2.9751,4.2393,7.4463,8.9366,73.879,540.18
1.1274,-27.972,-82.849,-56.672,5.1949,818.06
-3.1996,4.8529,27.572,14.175,-10.187,494.52
1.3866,10.021,-5.9155,-77.438,-238.57,808.72
4.0639,-1.1835,-22.258,3.4531,107.76,572.91
1.5969,-38.823,-91.527,-19.17,-49.593,939.35
1.3685,8.5941,5.478,2.0424,25.643,476.34
1.7582,10.147,1.1783,-52.914,202.41,757.97
-0.70687,3.431,0.80853,6.4305,-85.11,546.01
1.8611,-15.246,-119.7,9.3709,20.102,638.88
3.739,2.1036,-7.9951,9.7044,59.877,487.12
10.441,-73.762,-84.267,248.08,266.28,524.69
2.6501,33.901,-1.7553,-121.55,-82.554,600.39
11.025,12.784,-25.293,-37.819,-307.47,579.71
6.5248,2.3299,-26.6,-15.922,97.734,586.71
11.175,7.3574,-25.646,-76.066,245.58,759.17
5.5656,-6.2366,-25.517,30.464,-45.931,486.76
11.414,-5.8088,-90.224,-165.31,-41.913,963.72
11.259,-6.354,-40.544,53.42,113.89,429.32
12.949,8.661,-43.353,-72.121,349.23,667.33
7.1569,3.5039,-20.838,-0.60415,-60.142,550.72
13.017,4.4212,-34.859,-68.585,320.9,670.95
7.1779,-4.3602,-19.874,18.757,-66.745,543.25
14.79,-2.9713,-50.005,-110.18,-254.45,901.76
3.106,3.3065,-8.8469,8.3184,88.448,487.67
15.516,7.8179,-58.834,-80.735,328.51,769.16
1.7761,-0.65953,-11.891,5.5743,-54.769,516.53
15.613,20.588,-66.518,-99.966,200.71,858.21
0.53153,0.26557,12.427,18.589,-121.35,519.02
16.795,13.97,-84.614,-172.88,-116.11,843.16
4.8505,-5.5935,-29.43,33.655,121.84,504.58
17.52,-1.6995,-21.581,-119.93,204.66,833.22
4.5056,7.1832,-23.298,9.3582,-59.895,462.11
17.604,38.272,-84.811,-289.04,-127.05,1025.9
6.7542,-0.32404,-34.005,23.304,111.68,451.7
17.708,7.2924,-107.14,-164.59,-45.51,855.76
-5.548,-1.9822,21.662,24.966,66.417,452.56
18.724,13.044,-68.848,-53.266,148.15,822.5
13.45,5.9671,-47.409,5.896,-44.631,513.19
19.213,-57.63,-134.43,75.386,-8.3603,694.45
-9.6443,-1.2253,47.566,21.411,21.433,511.1
2.0948,-21.254,4.862,-6.9261,126.61,866.47
15.595,5.6001,-56.269,-1.4188,-46.582,518.6
2.2052,-30.896,0.10292,-61.338,243.87,898.05
-2.0967,1.9524,4.6715,26.6,-76.117,417.56
2.3288,-3.4467,-7.442,-80.341,257.14,742.64
0.26187,-1.8108,14.823,4.4065,-128.15,512.44
2.4562,-3.2642,-19.727,-136.72,262.79,829.7
0.22444,-1.6038,1.9777,18.201,-101.08,487.87
2.4741,-39.948,-28.66,122.14,-11.305,804.13
-14.038,22.427,58.747,-53.357,17.723,544.23
2.554,-19.478,36.509,-91.892,167.47,879.69
3.7288,5.8096,-15.049,16.751,-76.02,438.16
2.7427,4.2826,-26.212,-111.79,-219.01,844.92
2.7971,3.0868,-9.6167,9.5177,95.747,443.1
2.8131,4.2239,0.156,-78.199,260.49,786.2
-3.2137,-1.5604,8.8461,11.593,-96.056,517.82
23.427,10.468,-135.83,-70.658,-87.549,701.89
-6.6789,-2.9055,36.909,20.14,39.439,533.37
23.962,12.624,-129.3,-92.073,-116.74,732.94
-1.3319,1.1276,6.1273,-1.9736,74.169,553.87
29.556,10.764,-109.43,-82.399,-44.579,895.63
1.916,-10.899,-9.6363,69.053,105.96,451.62
29.587,-0.0073593,-155.11,-10.224,261.38,822.84
-24.222,4.6962,113.77,-8.3228,-179.3,494.94
3.0798,-0.30355,43.132,-78.723,70.763,846.27
2.0348,-12.592,-28.151,49.689,-17.254,546.72
3.1964,15.187,-5.4729,-111.74,-259.21,863.33
-7.6974,-1.9709,23.229,10.874,52.159,500.94
3.2665,17.764,7.945,-154.96,199.46,788.91
9.074,1.1025,-29.572,16.393,-70.919,508.71
3.4086,3.0673,-11.308,-27.843,-84.954,726.25
-1.0933,-9.8718,2.8781,26.949,39.176,613.93
3.8195,20.309,-59.806,-28.084,406.06,465.01
-1.2258,-5.663,14.701,3.7575,-95.359,634.74
32.04,-54.171,-189.26,3.7387,-6.2588,931.04
8.0329,-2.0363,-45.819,23.14,157.14,490.29
32.241,13.83,-122.5,-38.538,-26.956,751.57
-3.2381,-5.1991,14.307,23.436,54.691,566.08
32.482,4.3143,-167.09,-128.85,-11.485,888.71
10.867,-15.066,-33.901,84.646,81.589,382.31
36.809,-9.525,-204.28,-8.9005,367.33,777.68
3.3656,1.1706,0.52485,2.4406,-102.38,552.2
38.654,-32.93,-118.19,-21.16,295.88,762.54
0.54221,11.466,-13.62,-28.412,-57.016,499.44
4.8925,3.1175,-20.873,-53.643,-226.02,802.65
-6.5984,-9.2939,16.932,19.539,112.35,533.79
4.9194,12.374,15.051,-79.4,195.87,735
9.8584,-0.73195,-28.969,14.743,-61.112,523.54
42.083,-30.057,-180.14,-7.4963,-54.021,727.3
-7.8806,-3.9165,37.794,11.302,27.948,532.85
47.015,-80.348,-70.41,103,37.591,943
-18.156,25.538,22.798,-31.138,-5.7903,448.1
48.218,23.146,-239.45,-179.73,4.898,882.2
-8.9898,-13.747,51.329,29.429,-1.6828,534.18
5.6499,0.1895,-34.49,-146.24,-232.14,945.86
1.2466,4.2884,-12.136,13.858,99.902,460.41
51.414,-62.624,-90.05,42.531,109.91,1019.9
-13.886,15.687,11.075,-13.964,15.341,449.92
55.437,-96.127,-86.948,163.68,17.496,684.47
-3.9813,11.893,-17.361,9.1589,15.5,487.56
6.4467,-0.47361,-17.191,-59.042,318.01,712.94
1.4605,-2.0136,-7.7066,12.277,-74.083,532.92
60.904,-20.807,-279.86,-95.175,107.42,854.77
-5.5421,2.0783,34.736,6.4713,30.213,484.18
7.0444,-28.611,-11.456,-82.015,220.59,873.59
5.0206,2.678,-17.477,21.531,-71.382,441.23
7.235,-2.0797,-34.209,-48.141,270.37,838.11
4.1192,-6.1245,-12.021,17.653,-48.273,501.45
8.6854,-2.7347,-4.5498,-57.123,254.75,748.56
3.5881,-1.7446,-9.5954,11.482,-83.856,531.86
8.7054,-0.63072,-29.728,-87.24,-120.54,867.96
-0.38093,-1.4497,-5.4883,31.557,115.6,476.71
8.8164,-28.513,-84.872,32.323,-110.43,692.9
-13.622,-12.333,59.018,47.759,-0.64409,467.88
9.011,5.4306,-9.1495,-131.37,233.89,772.18
8.3759,1.0704,-32.091,13.62,-57.649,459.49
9.4464,9.4586,-28.189,-76.598,-281.97,730.16
-1.3215,-3.0124,5.4983,12.1,90.283,548.8
98.876,-63.275,-319.86,109.9,333.64,763.77
-27.917,18.257,99.592,-37.308,-133.52,475.97
-18.261,-1.4618,167.08,67.801,-218.81,817.91
-1.5052,12.947,41.754,-14.832,3.576,486.13
-2.9945,23.56,47.383,-34.198,-3.4702,921.28
1.9618,-5.2002,-9.1665,42.488,109.35,454.74
-20.634,10.209,222.56,17.88,-341.17,836.09
4.6873,13.085,9.1741,-46.91,63.622,518.37
-21.691,8.9806,104.3,26.254,-33.561,887.06
-3.4635,1.1251,10.425,25.326,90.161,454.28
-24.661,34.336,177.8,-24.962,-169.94,854.02
-7.7761,13.986,43.656,-23.266,75.191,440.15
-5.1668,-5.6455,63.427,62.717,-6.3896,871.66
2.7494,4.7653,-8.8396,20.791,99.92,472.29
-8.7457,24.092,91.388,-41.199,-48.881,965.32
-0.14577,1.3725,8.2382,27.294,121.01,392.51
1.3125,3.0485,48.406,27.073,-58.937,945.12
1.5905,-0.14188,-7.6743,42.016,107.1,446.31
12.42,66.402,20.882,-210.1,-25.664,1087.9
-7.752,0.1515,38.923,37.602,89.902,337.3
17.073,27.397,-3.0867,-32.443,14.292,885.15
-0.018132,16.326,22.075,-29.21,33.728,511.15
22.373,22.314,-64.518,-101.8,149.8,1176.3
-9.7605,22.298,49.117,-89.372,15.985,587.83
29.372,-1.4196,-125.27,49.355,29.999,885.69
2.656,-3.8216,4.7709,18.953,-107.45,458.67
32.711,12.626,-74.015,-28.263,37.392,897.63
0.71166,15.029,9.4167,-26.651,56.362,530.53
5.763,32.149,-95.64,-91.206,106.79,1013
-3.6253,-1.4109,9.1811,31.813,-146.56,346.84
5.8405,9.0451,-30.918,6.4977,180.43,853.38
-11.319,-7.3182,34.744,29.401,41.806,552.37
8.0834,1.901,-73.57,62.371,52.599,825.82
11.345,5.5831,-48.409,8.8753,-39.246,465.54
9.0085,14.769,10.097,-40.501,-104.19,831.24
-14.687,-3.612,50.414,8.1411,53.914,585.85
9.9266,-22.693,-7.3763,99.252,88.959,917.65
25.126,12.514,-112.39,-59.514,260.19,494.86
-0.017798,-1.9631,2.5228,7.516,-91.722,930.12
-4.2626,-1.8437,13.677,3.7862,-19.951,247.11
-1.1919,-0.13234,5.0021,-8.1762,26.88,861.98
0.7327,2.4587,-4.3472,-8.0592,18.153,221.53
-11.281,0.76815,26.988,31.864,-71.666,830.04
-4.5797,2.2707,22.91,-11.02,-44.22,361.33
-11.35,-11.826,31.373,38.252,6.3317,833.38
-14.906,-16.759,39.123,52.931,10.538,163.17
-11.8,-6.4782,54.509,7.9213,-150,932.83
-14.596,16.876,24.144,-13.552,-25.484,234.5
-16.161,4.1152,67.473,-9.007,-155.73,941.59
-1.0876,-2.0717,0.25947,5.6012,-13.662,258.8
-16.486,-0.97436,73.784,-23.771,-54.797,903.79
-0.96667,-1.7425,8.5712,-1.9503,-7.6342,188.32
-2.5807,-1.9658,-1.7766,14.541,113.17,916.24
5.5338,3.6048,-15.985,-8.8088,27.409,286.05
-2.8731,33.028,42.862,-70.348,-60.118,936.64
-1.0852,0.67715,1.8489,-6.1295,-2.7216,355.86
-2.918,3.3239,6.9882,0.31534,76.439,927.23
-1.7118,-6.5,5.3872,14.932,10.909,194.72
-2.9557,-0.94426,9.1311,10.182,-85.852,903.42
7.8199,8.3682,-20.879,-18.386,-4.6512,262.24
-2.9807,-3.1939,3.5294,17.506,88.658,921.11
-0.95943,-4.4621,4.3589,8.5668,14.367,273.16
-3.6451,17.926,-15.946,-10.817,6.1799,877.54
3.9235,-3.0875,-13.668,11.408,3.1563,352.44
-3.8113,34.096,-37.438,-55.878,83.941,874.76
2.8964,5.0329,-21.431,-6.4326,29.45,241.16
-4.2331,-1.8545,12.471,11.047,78.329,920.69
-4.5583,1.4543,12.58,-3.46,8.8817,238.83
-4.2588,1.2458,6.7583,-9.0217,86.941,935.81
3.2564,-1.2227,-10.169,1.7903,20.05,207.43
-4.4637,-2.711,16.049,8.9738,38.098,889.48
-1.1784,2.9385,2.639,-6.9317,8.5135,189.44
-5.0416,0.14193,7.386,2.4425,92.12,922.22
-12.076,0.033512,38.016,1.8539,-4.2475,210.93
-5.6595,19.497,-8.164,-55.362,129.97,965.56
-13.57,2.891,53.962,-24.083,-32.463,262.19
-5.7405,-7.4675,18.463,14.825,-89.392,949.4
-7.3387,2.4361,23.803,-8.5383,-31.936,271.48
-6.0814,-0.1299,26.047,-5.391,-106.99,961.57
1.8338,2.8275,-8.6815,-4.7765,-2.8144,228.18
-6.9146,7.492,9.4485,-4.1854,-63.15,932.89
-6.3928,8.4713,17.25,-16.514,-22.687,278.58
-7.0511,-2.3375,25.026,7.1726,35.333,971.2
-1.1687,-3.2265,2.1282,13.236,-3.8521,262.86
-7.1773,7.983,41.976,-18.673,-9.9316,902.88
-0.93568,1.0947,8.6563,0.60715,-7.0238,199.19
0.66482,-9.0581,-6.1865,33.065,104.39,905.2
2.2399,2.1895,-5.2221,-2.2915,23.39,250.68
1.461,-0.60519,2.3257,0.62012,-106.14,929.5
-9.1542,5.498,28.486,-12.238,-31.082,275.55
1.8642,-2.0037,-4.8274,14.543,-66.578,914.48
1.5598,-0.83894,-4.6776,0.38202,-8.4685,211.28
2.4183,-1.4834,-10.697,1.058,59.208,991.25
-1.4475,4.4564,5.33,-13.902,5.8841,255.57
2.7557,22.408,-37.848,-58.448,116.04,1003.5
1.5291,-0.41344,-8.3075,-1.5243,17.755,269.64
2.967,-7.3606,-14.446,22.183,102.89,895.66
2.6354,0.12833,-6.0632,-0.42231,20.461,218.43
26.299,19.634,-75.271,-40.377,-15.251,903.21
-2.3088,-7.1633,8.4738,15.138,-10.373,369.41
3.0167,-4.3239,2.7308,15.665,-111.74,929.9
-8.1616,3.1625,21.147,-5.8598,-29.706,278.78
3.0824,-0.51451,-9.266,3.3561,90.739,925.3
0.34624,6.1662,-1.7157,-14.035,19.413,307.03
3.2388,-1.9583,-14.362,5.2109,98.731,913.67
-0.6761,0.62266,3.6771,0.448,12.625,223.94
3.8219,-9.3132,9.3497,53.789,-42.171,927.31
0.37614,-4.5698,7.7855,24.2,-19.658,254.94
3.8607,-33.875,-14.97,94.604,-52.364,916.76
2.705,-4.6884,-6.8257,17.283,-9.2045,250.37
4.6413,1.8958,-15.292,-1.7964,-69.216,921.72
-5.5086,-3.7732,15.877,5.6574,-25.524,212.22
6.1728,4.4338,-20.073,-19.155,93.222,930.81
-8.5,1.7605,27.385,-4.4374,-0.10973,258.93
6.8011,-4.5795,-19.332,13.449,-69.191,942.62
-4.9572,6.8139,17.03,-17.469,-27.736,274.55
7.512,-4.9458,-12.196,2.2818,64.75,962.94
-1.4434,-1.7389,6.3001,1.2322,10.206,267.89
-0.20076,5.6944,6.2177,-41.306,-15.742,145.48
-1.1343,4.5929,3.3163,-11.816,1.3039,673
-1.7681,1.3312,14.24,21.887,-49.719,445.03
1.4735e-13,3.6507e-14,-3.984e-13,1.3645e-14,2.1272e-13,719
-19.586,17.471,42.798,-22.681,-20.735,357.52
1.4118,0.89796,-3.73,-4.0619,3.2665,549.96
-2.991,-21.177,57.758,48.926,-110.35,428.07
0.93147,4.3004,17.119,-9.0286,-31.896,588.52
-3.561,8.1982,18.106,-68.912,-25.078,199.33
2.1921,3.8837,-7.6123,-3.2246,6.6112,658.46
16.829,-5.4811,-76.359,17.873,55.582,127.39
-1.2336,-1.4616,12.121,7.2579,-35.502,688.76
2.2885,-0.92196,-2.931,-12.143,8.6675,227.98
2.645,3.0655,-16.098,-6.2457,23.416,712.59
-10.747,-9.5838,19.394,7.7976,-29.704,1061
17.204,20.319,-30.597,-29.726,24.898,474.47
1.4677,-3.6848,-5.317,12.095,1.1955,787.21
25.212,-4.1989,-84.87,36.925,31.364,304.71
4.0326,-8.9456,-26.504,18.203,57.079,852.45
0.25325,-3.4861,-4.404,25.346,55.281,366.52
-16.127,-28.92,103.11,126.83,55.693,740.84
6.7537,-6.0744,-26.161,77.682,62.933,471.18
-22.846,37.753,21.377,-207.72,-190.2,908.96
10.598,5.7695,-58.701,45.172,77.754,517.52
41.886,-164.1,-204.63,551.65,428.38,429.26
-29.217,-15.018,81.057,67.431,37.036,556.33
43.631,-30.659,-47.77,59.357,84.59,650.31
-7.1142,28.976,31.21,-17.216,-31.331,540.17
54.168,-83.889,-90.496,182.87,-51.114,607.07
-12.992,18.414,21.977,-28.254,-8.0855,516.1
63.128,3.4562,-79.205,-145.83,66.926,953.75
7.89,9.3838,-16.69,44.783,-15.262,483.99
-0.96469,-7.1923,7.7521,21.962,-18.857,489.25
-5.0842e-14,1.009e-13,2.0294e-13,-1.8168e-13,-2.1962e-13,719
-1.3718,3.623,8.8926,-14.16,-3.17,698.87
-1.0124e-13,2.8932e-14,2.9439e-13,-1.8784e-13,-1.4727e-13,719
1.0107,1.3057,-3.5402,-0.60045,4.9743,447.4
4.7571,-3.6192,-12.768,7.3162,7.7005,715.93
1.0971,0.89743,-4.9759,-4.2476,5.3581,664.05
6.6023e-14,-2.0953e-13,-1.2433e-13,4.7499e-13,-6.7348e-14,719
5.8617,-2.0938,-13.095,10.68,16.565,515.98
1.5005,1.6809,-5.7554,3.8114,5.6272,699.92
-0.8048,8.6237,12.566,22.568,-32.811,1116.1
-5.7721,2.7713,16.519,-1.0735,-10.473,646.67
-1.4016,-17.506,-3.4967,105.96,87.337,908.27
-0.87885,-1.9882,-9.5004,16.86,27.414,674.77
-11.062,3.5256,30.541,-1.4487,113.61,326.95
-6.174,-2.1154,15.605,21.987,4.4539,668.58
-119.36,110.06,317.78,-282.46,-86.292,647.47
-10.832,5.3054,18.817,-23.435,10.673,588.73
-16.708,14.589,49.337,10.439,199.46,664.95
7.1094,0.97173,-18.515,5.0427,0.44531,698.63
-17.827,11.89,109.94,50.264,-59.595,700.83
7.8009,7.4312,-18.05,-14.798,7.3904,671.53
-2.3308,-0.12616,2.1999,1.8238,143.67,903.2
-7.0092,2.0088,27.56,7.5008,-24.499,675.25
-2.5725,-1.0224,5.8254,-0.91987,-161.69,374.43
-10.419,4.9359,31.481,-5.2179,-4.6545,687.3
-5.8533,15.941,-90.439,87.944,166.46,529.58
-8.7643,16.108,34.294,-45.563,-57.318,676.98
-6.5836,36.931,97.311,3.7732,-51.414,652.46
10.359,11.458,-22.75,-19.192,8.1956,625.38
-7.1925,48.411,110.05,1.5489,-44.912,331.35
-5.9741,-4.1149,30.628,28.745,-36.245,648.47
-7.4149,-14.536,15.19,105.99,-153.79,595.11
-1.3513,1.4677,1.7178,14.865,4.1122,663.57
-7.6093,-9.8288,23.065,43.549,-132.17,366.66
-3.8254,2.229,19.333,-4.879,-24.826,710.97
-8.2725,-24.988,33.716,151.89,-218.71,728.87
-3.5534,-7.5699,18.485,54.01,-16.243,559.18
-83.88,88.935,199.95,-190.28,-62.199,484.09
11.445,-10.723,-30.604,31.62,-0.46355,632.66
0.22285,29.902,56.117,27.736,6.3452,674.37
-18.207,4.6123,83.685,19.308,-45.453,567.41
10.844,0.087465,3.8207,-62.423,13.393,818.84
1.3268,7.5738,-4.0191,-13.527,-10.258,672.41
15.542,-0.30481,-48.713,6.5084,-176.79,446.29
0.44226,-13.621,0.64861,52.158,-21.167,602.3
16.439,7.7712,-70.997,-78.9,-3.3171,726.39
3.7676e-14,-2.1311e-13,-3.9885e-14,6.3042e-13,-1.9062e-17,719
16.976,49.176,30.091,41.98,-40.363,414.7
10.323,20.014,-30.156,-29.535,4.454,553.57
18.236,-46.544,-31.087,68.777,2.3743,1081.8
-6.9793,0.37682,17.187,3.9039,-12.796,644.28
2.4547,42.603,80.164,7.4124,-46.352,452.5
-2.1169,4.2262,22.047,5.675,-24.453,538.76
2.5447,-5.312,0.81211,29.908,-198.01,347.79
1.9243,4.9058,-23.266,-0.37524,51.848,620.74
20.769,35.577,-23.877,-50.351,-7.2016,424.8
-0.37632,-1.2613,0.32295,1.9019,1.7858,574.19
22.477,6.6918,-113.6,42.99,53.504,736.52
5.135,6.5017,-35.451,8.8507,19.589,595.1
23.439,-4.6267,-93.292,125.49,263.81,460.88
-9.2284,-10.077,43.472,47.209,-51.172,660.93
24.913,-5.4338,-134.62,128.54,194.76,893.02
4.5061,-0.27618,-29.047,15.91,33.661,620.53
3.2174,35.261,43.573,-28.334,-34.708,578.46
14.313,18.685,-26.076,-28.126,9.2383,550.21
3.6918,-1.5738,2.4382,-2.2778,-184.22,845.71
-10.382,4.3369,25.181,-2.4822,-7.3236,684.76
31.785,43.963,-234.42,27.859,491.77,541.54
-4.6953,3.6462,41.59,20.521,-76.35,625.28
34.864,-53.423,-193.05,294.19,113.46,336.28
-4.4819,1.7736,12.707,0.0022215,5.8916,688.54
34.981,11.926,-191.11,68.249,130.94,735.41
21.109,-6.3192,-84.778,41.391,28.409,516.17
35.565,-5.4863,-135.97,85.888,-129.68,695.37
3.451,1.4913,-10.469,34.521,13.215,552.98
4.081,7.8558,-16.141,-12.151,107.52,175.56
3.677,1.284,-17.165,-4.9828,13.324,692.77
5.9719,-21.007,-51.885,120.05,222.39,786.03
5.0138,5.7875,-10.455,-1.5765,36.14,597.67
5.9851,-27.946,-73,-4.7224,22.563,989.45
-5.4003,16.928,33.106,-29.259,-29.843,640.46
66.364,36.206,-220.21,-31.473,315,646.73
-1.6913,9.3269,25.464,-1.5818,-23.635,567.81
9.2141,67.124,-137.42,-80.327,83.098,467.78
7.5992,13.282,-33.464,4.0606,19.379,549.73
-56.143,75.982,174,-276.05,29.153,925.26
-13.394,17.564,44.232,-67.489,12.586,702.78
12.178,-13.899,37.382,-10.539,-205.92,745.75
6.9739,-7.9459,-31.802,38.793,36.309,655.82
-10.77,20.695,52.896,-85.476,-15.215,445.04
4.312,-4.6563,-15.292,18.732,3.8542,507.47
-11.715,-1.012,8.7882,7.6798,127.08,869.63
-4.5445,1.9575,22.811,-5.4064,-70.243,502.85
-11.763,15.802,88.277,-17.229,-148.7,868.18
-17.347,21.472,60.209,-61.972,10.977,508.36
-13.051,34.452,52.233,-108.42,58.329,852.27
-9.754,-8.266,34.333,28.486,-97.514,546.91
-13.796,-12.46,66.736,38.727,-100.74,261.73
3.2059,1.6976,-15.025,-4.7975,20.638,544.29
-16.251,-15.466,21.451,29.817,-1.6111,871.51
0.59976,8.7675,28.637,12.833,-12.686,484.75
-17.163,-7.5836,70.2,46.614,-150.74,769.04
-2.7237,6.0962,7.5346,-25.859,35.101,444.33
-17.465,40.65,83.017,-93.294,-136.71,873.36
-1.996,19.338,6.8264,-58.551,65.767,581.73
-28.441,-24.546,117.52,144.21,-19.513,689.95
-2.3306,0.85062,5.9667,-23.634,-44.639,547.7
-5.0586,-17.266,42.835,127.93,-3.675,684.99
5.7622,-16.8,-20.251,39.985,-31.557,638.55
-85.561,-28.385,308.56,124.79,-133.73,585.86
15.439,2.8164,-74.674,-55.816,14.576,615.52
-9.9605,-13.848,17.849,65.855,-58.279,845.78
0.16683,1.6161,-9.9813,-5.5288,83.571,613.57
15.389,16.191,-64.723,-70.776,123.59,921.38
-9.3657,-8.6541,21.92,66.963,-90.144,429.62
15.563,7.631,-37.994,-28.692,-54.048,834.2
0.71736,27.253,9.7156,-66.076,48.277,539.31
17.626,5.6135,-55.398,14.085,116.92,806.28
5.1869,-4.6567,-20.837,-1.0454,-11.766,454.66
2.4299,2.2252,-13.067,-21.718,-72.987,936.11
-5.0021,5.8069,14.707,-7.3681,40.528,386.77
46.722,20.827,-162.9,0.57222,43.689,734.31
-0.9366,24.763,24.637,-65.089,3.4867,577.97
8.1014,21.337,-21.586,-70.961,-7.9494,1068.9
12.927,29.206,-18.572,-55.291,30.073,492.99
9.1603,-0.78386,-39.09,26.502,84.341,903.6
-3.6739,2.2545,1.4164,4.6259,-50.543,527.81
9.4315,9.9195,-71.867,-84.795,170.37,898.31
-1.1984,3.0657,14.005,9.8933,-108.01,534.16
-0.02759,3.3043,-11.425,0.73102,98.371,941.69
0.75127,0.38067,-0.87314,-3.5312,6.7994,391.3
-0.7812,0.62784,-0.39606,3.6065,-87.887,915.42
1.9415,8.9498,-6.3633,-21.767,-16.114,294.21
-1.9909,-29.913,30.121,60.211,-20.892,957.19
-0.5592,-17.68,19.667,31.427,-15.367,263.97
-10.48,10.788,41.087,47.812,-41.304,839.7
-1.9506,7.9832,7.1009,-37.447,1.8409,474.24
-10.547,-5.4295,34.346,12.827,47.851,904.05
-1.6078,0.84615,4.4727,-2.6795,-12.141,377.46
-14.918,13.034,17.861,-59.575,34.129,919.47
-0.58042,0.40531,6.1756,-4.7528,-36.636,317.04
-15.348,0.017428,76.804,-33.146,-71.139,1007.9
-2.6001,3.8877,11.387,-16.356,-13.679,288.32
-16.245,-1.9286,83.929,64.586,-19.686,727.89
3.3139,0.079459,-21.925,-19.709,9.5805,490.93
-16.295,4.464,122.59,7.7812,-131.54,864.55
1.711,-1.104,-5.6415,3.2804,1.4607,366.52
-16.843,10.107,46.975,-19.95,-37.397,983.25
-11.888,12.136,36.562,-26.548,-40.63,373.98
-16.962,-9.2096,62.618,38.023,-124.06,925.8
4.4086,-0.87864,-19.119,6.2015,30.796,395.91
-3.0099,27.104,-0.06257,-23.225,21.091,883.3
-8.0274,-10.95,26.357,24.932,-7.7644,362.35
-3.156,-15.795,9.7873,45.384,21.331,905.52
-8.0692,2.1146,17.576,7.5551,-4.996,256.13
-4.8021,-2.0928,5.8144,-6.0975,80.588,961.56
-4.5379,-0.5786,27.445,-0.27509,-55.083,484.37
-5.4604,-15.585,16.545,76.741,-82.892,852.02
-0.6659,-5.1252,2.5737,8.9328,6.1309,368
-6.0657,-7.1282,26.832,59.785,27.108,838.31
1.3527,0.35708,-5.6489,-7.0109,-2.0111,386.34
-8.399,-2.1361,38.701,20.827,19.182,900.3
-2.5134,5.7938,11.82,-11.81,-38.543,470.45
-8.4403,40.683,25.976,-70.406,-14.186,874.9
4.3897,-11.776,-21.432,24.227,22.023,457.42
-9.0999,8.3856,23.041,-24.135,47.155,950.16
0.35878,-0.64882,0.43911,0.096822,-19.981,433.25
0.47359,22.452,-18.895,-44.099,34.059,977.68
10.581,1.1806,-31.702,10.947,28.955,352.99
11.667,-4.7999,-57.603,-2.5806,26.949,615.68
-1.5685,2.2776,6.3973,-7.3526,2.3999,490.95
20.28,-7.6721,-75.209,40.734,28.785,854.52
2.4538,-10.035,4.0027,15.036,-7.4607,393.32
23.141,-0.97574,-106.96,-1.7149,104.33,841.56
16.185,-10.541,-45.172,17.822,31.037,255.66
34.383,0.56016,-112.26,20.372,53.508,862.05
-9.9975,1.8285,24.913,-35.969,4.471,483.28
6.3582,14.596,-31.322,-22.613,114.24,880.56
0.50063,5.8211,-7.1167,-25.137,-14.745,518.8
-0.74313,-37.286,-16.264,264.49,54.372,744.1
-6.1347,-10.744,17.987,85.792,7.4,496.73
-13.091,-7.8442,49.431,50.854,108.06,959.74
-3.8419,1.867,6.2088,-6.4726,55.345,567.13
-13.144,0.33053,36.52,-1.1211,76.958,1084.9
-4.7946,-1.0895,31.448,15.388,18.327,594.92
-13.34,-5.5179,74.522,122.48,-112.54,924.01
-4.2932,-0.6634,26.176,25.537,-37.435,552.24
-13.525,-0.8577,47.481,49.419,50.207,910.07
-4.4852,-3.6714,11.145,29.918,90.95,522.41
-18.399,2.9571,92.361,53.796,-33.607,871.02
1.1109,3.6758,-2.2684,16.675,82.568,454.43
-2.8959,-3.9705,7.1435,21.11,84.291,1072.7
0.74039,-5.7685,-1.2768,15.334,20.851,543.81
-3.9485,-10.845,34.971,77.841,-184.75,844.21
3.4526,-0.80728,-0.97372,19.159,-90.503,524.47
-4.5337,-5.57,-3.2403,27.769,117.65,1013
6.4254,1.1385,-28.432,-2.928,47.542,696.1
-4.8592,12.216,3.0285,-13.565,-114.64,905.53
9.1746,7.1567,-22.66,-4.8048,-56.715,589.03
-5.0463,8.9893,24.455,16.486,45.996,903.77
1.4321,1.1985,-7.8721,27.813,101.52,487.03
-5.3199,-11.781,64.421,-55.554,-37.92,1026.3
-7.3261,-5.8955,44.535,-20.144,-20.624,725.02
-63.033,72.831,138.76,-116.11,-67.946,486.89
-14.328,14.353,33.743,-19.339,-17.485,532.1
1.2068,-2.3627,-4.9806,20.18,50.654,1042.6
-6.1319,-5.5088,19.987,27.042,20.654,634.59
10.88,-7.2751,-30.148,59.127,-149.79,914.25
-1.7627,-1.1034,10.144,6.0671,-57.752,579.75
2.1343,-6.8656,-34.205,73.52,-16.002,879.83
2.6473,2.7592,-6.2178,14.622,-96.621,462.4
2.1781,0.25856,23.844,56.11,1.603,892.45
-4.0026,-3.1036,13.038,26.713,87.068,491.46
2.4861,-12.33,-12.264,77.654,-78.245,904.28
0.98113,-4.1374,-1.2216,12.11,-61.703,600.4
4.9887,28.388,48.573,32.098,-1.0441,595.75
0.0071885,17.484,28.67,-13.955,-21.863,504.53
43.22,57.889,-90.95,-106.41,27.852,608.68
13.517,18.176,-19.076,-20.68,5.4313,500.13
46.009,9.727,-155.81,-28.976,-52.075,971.03
0.83879,-2.0773,0.49223,2.5042,-51.183,580.88
5.9171,-5.7298,-15.596,37.726,-133.92,964.17
5.5896,-1.7422,-12.365,-5.7042,-47.281,647.02
8.2805,10.619,-35.299,7.2711,-87.745,913.41
9.5451,-2.6836,-31.035,17.92,-53.347,560.49
9.4492,25.606,2.7619,-28.067,-9.6687,466.97
8.4656,15.717,-7.3321,-19.048,-1.5741,536.82
-1.5498,-5.4978,-1.9303,139.93,17.083,841.05
7.9551,-13.371,-33.709,87.462,42.315,505.29
-15.426,-2.367,8.1399,75.349,63.302,883.38
-0.1364,-14.388,-11.602,98.93,31.384,557.68
-23.789,79.742,70.543,-33.661,-8.4148,610.97
3.4536,35.454,-10.905,-32.893,-1.1223,514.4
-29.056,12.343,79.195,84.255,8.1514,655.96
-11.58,-0.77378,36.523,89.314,-3.2331,475.98
-32.729,108.43,210.99,-197.33,-324.46,887.47
23.392,35.026,-113.82,-15.336,122.72,418.82
-39.204,119.6,144.69,-275.21,-79.888,977.15
-11.813,40.407,39.963,-45.219,-20.649,483.64
-5.6407,23.365,-9.1482,6.3806,54.601,946.9
-14.063,8.5053,38.735,32.262,-0.74688,560.82
-5.8749,32.34,-9.369,-126.33,-47.654,1101.1
4.7286,24.15,-41.113,-102.13,12.288,714.41
-5.9831,-1.3561,17.112,90.06,-18.799,1002.7
5.5705,-9.7758,-5.3154,66.862,-11.067,603.33
-62.927,56.876,210.85,-106.63,-99.815,917.63
-41.685,45.387,140.48,-135.82,-31.334,671.28
-8.0076,45.708,79.271,11.209,-177.66,671.78
-12.765,37.827,46.422,-22.258,-25.202,477.66
-8.2916,62.836,44.522,-91.129,-45.522,814.21
8.9331,47.348,-35.388,-74.462,33.399,472.11
-8.8902,-5.3897,3.1491,146.57,59.469,829.62
2.3333,-14.215,-10.901,122.44,24.47,430.38
0.2981,-12.116,-23.487,134.46,56.75,897.17
-1.745,-8.3462,-4.2734,91.037,25.893,491.11
129.54,97.584,-559.66,-356.83,603.29,765.17
15.32,24.222,-72.928,-81.256,75.383,610.12
23.633,28.922,-81.07,-39.417,42.639,914.77
12.591,14.391,-40.488,-22.515,22.401,578.6
27.234,69.769,-134.83,-130.33,147.94,948.38
-3.715,45.182,31.945,-77.745,-65.844,576.38
3.5625,133.69,-183,-304.84,440.71,814.38
2.3031,32.515,-43.313,-87.946,123.44,658.19
39.811,81.861,-161.12,-116.69,175.85,925
-1.3724,13.238,8.0002,45.059,-4.4066,434.85
-18.721,-30.293,103.37,-122.93,-145.12,623.89
9.3869,-12.819,-42.784,93.991,50.464,521.92
-18.876,-3.7864,66.748,-328.19,-10.605,1022.5
-0.93466,-16.333,-0.24826,138.93,14.666,419.05
-19.043,32.856,102.59,-248.2,-102.44,508.77
-1.4196,0.175,0.32216,43.536,9.071,523.32
-2.1796,-19.596,54.454,-121.75,-167.92,642.12
13.858,-4.4147,-79.091,61.82,115.76,548.14
-2.7959,79.714,47.571,-85.412,-122.74,721.55
-8.1881,23.958,30.1,-158.38,-21.976,699.42
-32.719,-18.353,126.94,-143.68,-135.01,679.39
7.3849,-13.394,-48.004,103.9,53.628,495.83
-7.4671,-1.4365,36.288,-226.37,-48.664,703.98
2.0528,-10.473,-14.381,104.61,27.615,447.82
-7.7553,-122.94,-38.568,146.66,155.72,918.22
-17.347,10.796,47.816,27.301,17.578,466.24
-9.3234,-39.288,38.51,-177.54,-26.122,860.21
0.43427,8.0153,1.1159,35.117,-4.3327,542.87
10.064,12.852,-51.977,-342.1,100.15,925.08
-0.44067,-14.003,2.6342,110.08,-3.9928,494.36
2.0723,51.047,3.6144,-357.04,-33.683,711.8
20.313,-16.497,-88.785,104.47,107.37,491.31
35.001,16.831,-172.33,-223.61,246.77,597.63
-11.618,-4.0782,38.905,49.732,-30.225,545.4
-1.6024,-9.7298,3.4568,-4.6225,20.31,870.8
-2.1547,1.7855,3.0947,-1.7348,-36.902,474.99
-17.321,-37.109,44.477,166.68,117.29,660.54
-6.5822,-4.2645,35.16,-3.0958,-121.33,553.14
-24.347,-40.92,108.96,198.83,-309.36,395.36
-7.1693,5.3972,34.223,-51.674,21.211,571.52
-31.817,22.984,117.03,-70.668,-27.427,816.39
7.6961,0.0058776,-38.765,7.5785,15.968,539.92
20.149,-42.296,-78.383,167.39,194.46,595.42
-2.8234,22.291,-4.5625,-67.309,-63.434,537.31
22.909,-57.616,-43.562,216.8,-106.97,661.33
-10.965,10.18,31.196,-41.283,17.691,474.19
23.653,5.078,-91.933,-74.113,-53.992,816.69
-14.333,-6.3611,41.374,16.478,74.592,576.99
24.272,-1.875,-95.608,-67.122,163.17,882.09
7.3126,1.2298,-25.037,28.258,-68.496,482.3
30.862,-73.713,-160.26,134.07,0.86275,722.12
-7.1569,-18.673,33.785,63.441,41.599,456.91
5.4719,15.976,-12.8,-22.026,-69.774,915.09
2.3701,1.5122,-14.67,4.5071,67.76,623.27
-1.5522,-2.1117,-4.5643,-38.944,-21.706,923.12
-3.0218,-7.3138,9.5462,38.341,34.898,404.15
-14.428,23.419,15.611,-35.461,5.0285,506.13
-6.8986,6.1263,12.238,-8.3549,-5.2415,571.18
-20.463,0.26746,103.53,59.299,-44.434,367.75
7.0632,7.2708,-18.478,-11.38,10.114,549.71
-31.569,-12.329,101.77,103.77,-187.76,344.54
-0.80971,15.317,-1.2051,-45.027,18.135,590.6
-38.185,7.3633,176.94,-45.531,-227.63,863.54
-3.2374,8.3682,11.503,-29.301,26.376,447.72
-5.6518,4.5431,17.772,-55.603,38.886,950.25
1.9581,2.7202,-3.7278,-9.9671,-31.035,476.87
-55.912,50.567,197.84,-194.08,-60.854,823.12
-11.865,13.668,42.816,-46.37,-27.426,580.11
0.25336,22.118,-40.606,-9.2114,25.894,528.72
-10.085,13.153,22.327,-24.01,-8.9283,564.2
0.86533,-13.777,-1.5328,106.93,-115.24,780.52
-7.1337,-4.5424,32.658,30.036,-47.467,598.86
27.261,29.682,-96.564,-158.19,-68.683,1145.9
-3.9409,-2.7834,-5.7147,-14.952,2.2897,626.75
28.227,-48.208,-87.544,214.48,-76.69,619.16
5.5126,12.069,-6.2887,2.4277,-20.55,567.47
3.6282,-10.195,-44.757,65.348,32.216,810.99
-4.4256,-0.44961,13.164,8.1458,0.94823,344.68
56.729,-0.020618,-161.63,63.848,108.85,321.22
3.3388,6.5802,-4.217,-12.424,-5.3627,551.85
6.087,28.581,11.963,-96.187,-20.651,910.58
0.89813,-5.4989,6.1829,18.61,-50.131,469.96
9.3289,82.322,-23.497,-137.01,1.22,713.54
-0.27762,-9.6403,-1.0879,13.69,0.17056,447.75
-0.24834,-5.8085,-4.6199,41.383,20.624,311.67
2.5879,3.7377,-17.925,6.5217,4.8951,573.54
-1.2993,4.5757,-6.9785,25.494,-8.3265,863.08
-23.673,1.8833,89.076,-38.004,-22.103,539.59
-16.312,8.7814,52.654,-17.324,-36.975,370.42
-7.7554,1.7631,27.684,7.5021,-38.584,533.56
-20.191,3.5069,72.296,-7.3876,-58.826,342.18
-13.546,6.1331,43.407,-14.27,-33.194,575.26
-3.3356,9.4035,1.9315,-12.127,-14.825,308.06
-11.121,8.3029,32.834,-16.901,-20.735,570.4
-5.112,4.8028,36.122,-15.619,-41.768,540.3
1.4335,10.383,-24.429,8.2559,50.582,568.85
-7.468,8.7928,17.186,-16.442,-8.3474,483.59
-5.7616,5.2826,14.164,-10.05,-5.5907,580.37
-7.8204,28.605,51.828,-88.27,-39.557,977.26
-36.123,-39.174,110.85,103.42,-29.634,500.27
-8.1176,0.85848,36.451,11.29,-26.992,858.19
4.9181,7.4987,-17.888,-45.875,-32.871,529.51
0.31769,22.449,-27.044,-60.601,85.134,858.35
-5.8503,10.519,21.406,-22.197,-64.877,504.96
0.77994,0.30719,-7.2663,5.7856,-18.556,665.71
3.5319,0.2548,-13.824,8.6026,34.1,653.13
1.6296,0.36337,-8.0825,-0.56789,7.8638,263.95
-0.46753,0.46762,-0.0017273,0.75161,1.9188,562.49
1.7862,3.3743,-14.405,3.06,9.0941,301.79
-7.636,6.1173,20.92,-12.664,-10.258,564.24
10.172,-11.842,-37.552,10.115,27.56,988.25
1.1738,-1.395,-5.907,-4.0603,1.919,387.77
11.331,-20.72,-52.229,81.064,90.242,753.88
15.841,-0.22803,-43.543,-19.536,-12.604,506.6
14.224,16.574,-36.977,-33.461,24.824,412.51
9.7582,8.1148,-23.523,-12.677,8.4709,580.45
15.55,11.536,-40.227,-21.478,12.047,807.99
-5.2603,-3.8283,9.309,15.019,4.5442,466.9
15.903,16.086,-78.676,-28.985,65.536,607.63
-2.872,10.077,-2.2054,-15.343,8.7255,605.29
19.224,-6.4944,-47.399,-8.1415,-6.0098,360.73
-16.013,12.256,50.488,-9.8846,-23.954,564.8
2.085,5.2098,-10.53,-6.4978,9.5172,311.99
2.2241,8.8055,-7.1795,-15.615,4.1571,557.87
2.342,6.8215,-8.3727,11.586,-10.134,690.68
0.59342,3.6616,2.4477,-7.6577,4.5429,591.54
21.2,-4.4161,-71.893,51.806,51.348,584.1
-21.023,-20.476,58.449,52.694,16.288,558.01
21.216,19.386,-83.577,-31.395,72.941,327.85
2.3267,10.368,8.9468,-11.496,-4.9856,573.06
21.908,17.895,-73.736,-56.586,34.4,664.41
-6.1199,-6.2129,15.763,-1.4742,-21.579,565.69
27.412,17.46,-89.681,-57.738,34.027,312.71
1.0758,4.8216,5.1312,-1.3449,-1.9103,562.14
3.9136,15.806,-35.912,-64.789,77.739,847.7
-3.2231,4.7353,17.918,-12.121,-53.778,492.5
31.336,18.705,-112.09,16.201,49.204,426.06
0.25416,23.629,-5.3843,-37.814,2.6779,577.6
38.719,-6.14,-158.1,48.387,108.65,909.5
-15.332,-10.532,54.812,46.495,35.642,455.13
6.3347,-21.104,-8.5211,53.039,-15.213,803.38
-0.38963,-0.43444,-5.6163,1.7162,12.047,491.41
7.4597,3.0425,-49.137,-11.176,59.522,840.53
-6.7302,2.276,21.27,-7.1833,-59.616,647.67
8.5887,3.5207,-28.826,-10.998,15.535,328.68
9.9764,12.285,-20.413,-19.049,9.0124,542.05
8.8068,-6.8028,-49.494,59.938,-12.89,849.32
1.886,2.3072,-6.0129,-10.218,-34.388,660.74
9.2107,14.954,-38.517,13.14,30.224,614.23
10.788,7.3196,-48.342,2.2906,40.868,614.43
9.3446,16.666,-60.516,-49.7,129.74,901.02
-17.964,-4.3139,67.666,32.139,-101.58,445.36
-24.195,26.065,102.72,-159.41,40.363,613.46
14.603,-16.967,-49.466,77.911,-14.248,555.71
-9.2611,-3.1258,24.502,-9.1225,199.21,355.91
-8.6313,-1.1598,18.559,11.371,-52.914,566.79
21.527,-1.1018,-73.993,-5.5222,265.27,339.05
9.8827,10.246,-37.248,-26.699,-1.1454,610.19
8.1961,39.668,-29.734,-6.4362,25.938,713.05
-3.363,-11.234,2.6356,27.566,-31.473,632.41
109.41,-11.672,-296.97,151.45,34.05,584.48
41.078,-13.34,-75.784,38.23,-15.244,488.61
15.52,33.278,-90.52,41.617,57.785,789.69
1.9673,2.6879,-31.041,-9.2863,-19.686,491.9
2.6085,28.994,-52.575,-35.815,24.206,897.54
6.75,-3.0289,-20.372,27.946,-101.61,483.34
41.655,61.55,-98.729,-123.12,38.199,879.19
19.839,24.216,-30.777,-80.13,13.75,545.24
45.535,14.625,-101.59,-74.56,27.363,1050.5
0.11302,31.037,22.508,-5.0412,5.036,336.39
-47.492,109.35,89.792,-295.07,38.889,1040.3
24.394,-37.616,-160.41,125.26,182.5,476.25
9.3015,-2.2257,17.571,40.386,-114.17,719.25
-5.227,13.079,58.878,-28.718,-36.511,531.79
-1.1193,20.998,25.274,-14.126,8.6496,935.13
-4.8841,0.02997,13.798,30.55,107.26,453.16
-23.658,31.327,99.557,-20.873,-10.126,891.35
-1.6926,1.678,8.8559,23.634,90.583,459.17
10.921,21.965,-31.812,-64.374,57.663,893.37
0.2223,-0.88965,16.208,33.853,-119,494.69
25.59,74.13,-110.98,-140.11,149.75,955.24
-12.49,-8.4103,29.762,28.947,83.005,492.23
27.128,23.638,-44.59,-0.34198,-4.9495,913.69
3.1127,-4.4505,-3.8868,60.321,82.324,404.2
5.5,44.734,41.162,-97.432,-87.191,913.39
8.3071,26.523,-8.9159,-74.106,43.691,567.49
-0.47261,-0.017773,0.99593,0.18253,3.7904,904.41
0.25512,-0.23045,-1.2608,1.9105,-1.5011,582.39
-16.472,-6.6193,31.896,-18.214,-22.805,501.45
-2.0407,0.3171,17.378,14.592,-5.6736,629.43
-18.576,-12.708,21.338,19.849,46.845,770.49
-3.7736,1.7344,14.214,9.9251,-5.0385,661.21
-29.009,24.167,108.03,-9.5251,-53.633,523.94
5.6536,11.532,-10.169,-15.063,10.686,578.71
-6.5373,-9.6386,10.869,10.99,1.0027,711.7
-2.759,1.6281,5.9016,-4.6981,-6.1667,707.06
12.863,-37.709,-22.643,134.96,-94.864,704.34
3.6746,-14.825,-2.9495,51.857,-42.749,629.81
13.671,32.034,-10.945,-67.6,-46.04,868.44
1.6706,5.6608,1.0348,-10.705,-11.035,698.92
4.0118,0.57537,-5.2086,27.012,21.098,1012.3
1.4677,-3.8807,-5.8345,17.949,5.6558,699.03
8.1038,-2.264,-8.8137,55.348,-53.322,893.57
0.074276,3.3023,4.6755,4.6003,-9.2609,678.73
9.235,38.446,5.774,-95.917,-71.019,1138.9
0.13925,4.535,6.6235,-1.9878,-2.4843,668.88
-27.621,9.1817,122.59,-63.336,-73.016,437.05
-1.9715,13.856,2.5638,-27.488,5.7523,566.04
1.928,-6.7121,-39.086,-24.916,148,907.34
6.0068,-10.867,-2.9137,20.685,-40.846,461.52
-0.267,7.7085,6.6965,2.1599,-21.875,1130.7
-0.16505,-1.1216,2.3291,3.2161,-13.707,605.38
-13.207,-2.3024,42.171,37.488,-13.609,1095.3
-3.0753,3.1743,2.0401,19.422,15.845,650.36
-2.3811,-5.4538,13.389,30.206,16.851,1184.1
2.1784,-2.1291,-5.0408,20.014,-11.669,660.53
13.372,-6.1992,-52.347,25.756,47.856,1253.4
8.9235,0.42591,-34.959,8.3185,20.096,613.12
3.172,-3.3424,-11.305,10.986,8.9083,1271.5
1.1323,2.2035,-3.8049,-6.8534,-1.0007,671.13
-11.13,84.86,27.772,-529.72,38.916,886.7
-7.4086,13.532,31.583,-25.285,-36.379,660.94
17.122,84.372,-86.087,-523.38,136.33,863.32
14.007,21.297,-47.664,-47.866,28.188,656.64
2.6528,87.777,-29.19,-430.47,60.937,651.46
-12.982,13.545,54.925,-28.985,-63.938,652.6
-0.41867,-10.079,-5.3934,149.93,13.116,486.4
-0.36709,-5.4972,-3.9849,23.368,3.5117,581.02
33.803,35.32,-293.13,-165.99,325.83,838.82
-15.654,38.738,52.767,-36.666,-29.51,474.48
46.944,13.117,-162.09,-10.841,204.33,431.35
9.614,-2.2018,-14.069,22.501,-15.206,546.17
